100	100
-1562 6339 -3034 -9310 -5693 3819 -2298 -8246 -4727 -1798 -4213 -1981 5024 6405 2326 -9565 -7974 870 6731 -567 9807 5253 7847 -2653 9769 -5678 1443 -6050 383 -1973 9283 2504 4316 -9527 -9791 7391 -3690 -5278 6114 -2205 -8554 -4509 9286 -426 -9102 3248 -3420 609 6826 -6371 -8767 -7270 7698 -1377 -9668 9191 2688 3907 216 7108 8195 5747 -4180 9133 -8119 4178 1217 -9085 -7853 -7417 -4582 -4537 -3230 -4109 -1559 -5434 4659 -5785 672 4949 -7953 -7949 4331 -9173 -6861 -9087 2809 -5944 3305 -8294 -1638 5268 -2449 4469 8354 7164 5436 9099 2467 -7178
-1552 4011 -5147 -7434 -2693 4822 -3774 4288 -6289 -3674 7707 -9750 407 -7104 -6937 3208 1241 8692 -4665 2862 1087 -3972 -5155 1162 1676 -8962 -4087 1405 -1476 2110 -428 5188 -5548 6847 3304 8423 -210 -4130 5677 3623 2327 1807 2066 6380 2534 1459 -5285 8247 -1531 -1668 -2439 1208 9982 5467 -9725 -9460 6078 6531 -8870 9324 7602 -6380 -2163 2284 -9601 3515 -3750 3097 -8233 317 4523 3810 -9905 9138 7637 2406 -3463 5463 1607 -9980 375 -4816 593 8875 -5604 2308 -47 -1057 -550 5938 404 -2540 1045 -3897 -4614 9278 -9096 3346 -2098 8596
-674 8585 4651 -2880 3481 3329 1098 6660 -4634 7724 -3112 1908 792 9118 8643 -1331 748 -8405 7228 4885 4376 -1548 -9066 -3772 2915 -9314 7233 17 3580 -730 8349 -5746 -6565 -1902 5289 -1903 8297 -7890 -3006 3991 6349 4697 -6574 4183 8460 -1289 -1087 2581 -4018 6604 -2935 -8869 -1855 1951 7113 2355 -2197 -5674 -792 -2971 2100 8538 9404 -2671 2284 6930 5007 -7273 5552 -704 9918 3023 4700 9067 4990 9895 4227 -909 -3633 9316 -724 -8305 5404 -2236 -1358 -9910 -9786 3096 -9327 9844 -6398 5545 -1492 5148 -4230 9321 -4533 6605 247 -6280
-6963 1694 -5677 -5199 818 1964 -7708 -2423 3037 6294 -979 6974 6335 -7620 6494 4023 -1248 2921 4115 941 4381 -448 3457 6242 2388 -8327 7674 7967 -2330 595 -408 1299 -3511 -9090 -7531 -6033 9505 -6214 -5562 -2546 3759 1586 622 7062 -7283 4863 -4122 2014 7391 9026 -7490 -2594 -6976 9764 -4385 84 -5405 1662 -7974 1550 8737 2011 7575 -932 -1009 -4576 -2043 9873 946 44 -9122 3062 6752 -1494 4942 4205 -8214 -8703 7362 -9793 -7639 -6866 3466 2388 3024 9802 -9034 965 -590 7984 -8693 -6452 8020 3597 -7823 3796 -2964 7309 -4237 6641
-4907 -9261 -12 1815 -7004 -3241 4722 9341 4721 -4669 -1710 -8330 -3867 -5982 4437 3654 -822 -3639 -2193 3380 -5156 -2198 7298 -6585 3999 -8683 8491 -3843 -8082 7319 9393 9573 3312 9998 -89 5759 9389 1644 -1019 459 -7800 -9758 8889 -7977 -6049 6331 4348 -5392 6324 829 -2292 -6857 -3362 -822 2095 -914 -5431 4959 6342 5438 1283 3720 -2340 5671 8203 -8091 -5310 -9870 -2460 632 -902 -3082 6255 4788 9832 6398 -9028 -2558 7909 -6751 -8196 917 5742 3355 -2328 7934 -8748 -3561 2200 -9762 7317 1477 3489 -9947 4854 -9523 7190 -413 6588 3355
-3865 -4352 7203 -2162 3350 -9028 5718 -9287 1392 9048 4075 8658 9411 8717 3022 -2613 4987 5214 88 5909 -3728 9223 6081 2484 -4971 4524 405 -6921 -6519 -1139 -7559 -8284 9807 3630 8883 6099 9225 3936 -240 6417 1818 -6078 -188 -2577 4564 -9857 -505 -9308 -1774 8962 2842 9406 -7320 5278 -4398 -6665 -7895 -5517 -4915 1718 -8670 672 -6284 -3120 7485 4371 2563 3400 -187 -4563 -5317 5746 -8088 340 8307 -9019 179 -6834 -7152 9596 2934 9599 -3495 8039 -3159 -4216 -2773 4573 492 2946 -2253 6408 1843 -2638 -6066 -8282 7258 1814 8741 6161
-8226 -7737 5545 -715 -1488 -5487 5569 6614 -7406 -9193 -9600 9660 7085 -3583 -664 -9110 5922 7403 -4436 -3614 2149 9570 7613 -4693 -8679 949 4443 701 -7915 -3855 -8895 -7118 -6241 8743 6618 3113 -6829 -3956 5681 1018 -4086 -6644 9125 -1253 -9055 1602 -6645 6092 -4839 6478 -6178 -3388 -7257 -3211 -8075 2861 -643 -4590 -3195 7376 -4139 308 -6675 -2138 -5097 6640 -9058 7058 -2552 2198 -5670 -2984 -1105 1103 -8338 -2245 2593 -9646 6041 -4760 -6596 4269 -2537 -8449 -4982 -2063 -8752 6195 1768 -1765 -2709 9726 986 2339 6128 5007 -3233 -6117 -5167 -5860
216 -3469 -2819 7593 9438 -8329 571 69 2503 8029 7319 -7873 -6072 7862 -3638 9962 -2422 -4856 -699 647 -6350 4153 3406 4346 4636 2082 -1031 -6564 -200 -2144 6055 -8375 -6446 351 -1599 -1293 -1666 -2126 -7951 3834 6674 -3670 5214 -4644 9966 5298 -8134 -8945 -4882 -5146 -1641 3750 9697 5825 7425 1386 -3771 4685 5087 -2674 2365 -838 9780 3057 -7772 -549 2444 4938 -4503 -5532 6963 -1227 6965 1414 9027 -4417 -9247 -8100 4038 -2592 -2900 -5473 -2315 5691 1038 -1828 5332 -6311 -4875 5203 2942 6659 -4743 -9976 -1610 9690 5783 -6087 4857 -2483
599 4404 -2350 -8993 -7654 9373 356 -7750 -3168 -406 511 -9737 2381 -4122 2448 4990 -4317 -5722 3 -4081 6996 -9313 -5090 6124 -5316 -3378 -936 9596 7858 3894 7346 -2316 3886 -6715 236 -9257 -116 4059 716 -6212 2969 -5798 3177 -1388 -7387 1655 -9914 8184 8606 4592 -924 -7937 -5386 -2106 4130 2738 -5328 8825 -5897 -2344 -4852 6066 9617 2988 -6398 8644 -3892 -7812 777 2929 -3153 2370 810 7963 8387 8377 -8904 -3971 5922 -1155 -683 70 -7507 2201 -3541 -7771 2675 -1448 -4758 -6767 -5824 8211 8542 9781 9876 6417 -7824 3441 -3606 -3530
-2186 6792 -7712 4505 845 6194 -3247 -3709 -1696 8548 -7510 53 4110 -5499 7409 -5730 7306 9649 7721 6939 4280 -7432 -3943 -4273 2547 1164 -3397 -5732 -5193 3683 2667 8270 -1563 1075 -2244 5123 -9531 2714 3328 -8819 8021 4597 9396 -8685 -4726 6876 6242 -3963 -4652 -1217 5276 2840 3323 -9061 2766 -7960 -4292 3942 1793 -3891 -4817 1330 5044 1128 3849 -3537 4855 -548 -862 5541 -6440 8460 -2720 -6880 6635 -2418 6287 -8292 5546 2531 -9848 2798 -6802 1916 -4038 745 -3720 5674 2041 -8939 9157 -2545 5330 -2560 3702 -2167 266 7861 9727 -4643
-1107 800 -6270 1849 7618 -3524 2066 -1900 6847 1502 6116 9839 7384 7556 -1240 -8271 351 -4487 9268 -1355 790 -7522 3400 -6076 7045 3946 -429 1329 -8324 5726 3023 -8435 -6932 3543 -449 -8748 1999 -2995 -4910 -644 -2431 -6909 -3448 -1046 -7796 -4386 -7698 -4980 6344 -3442 6908 4176 -9426 9511 5826 -369 -2911 7777 7533 2383 -10000 -4632 -2478 -6958 6763 8688 5201 8728 7452 -312 6857 -7507 6604 41 -6832 8203 -7255 6549 -5937 3476 1149 -8444 -2772 2494 5312 1127 -6319 -4207 1921 2237 -4697 -9497 -6445 -6859 -5741 -7666 -8433 -761 1946 2159
4729 238 -6526 4739 3187 -5045 723 -1525 -6202 -1983 -6607 -2556 3888 7392 -9558 44 -2372 -4661 -4650 -1646 -4353 3927 4121 4639 -6503 -812 5283 9100 -6321 -5512 -1324 1587 -8866 6063 9273 -1680 -3974 -1277 -7708 -6952 8834 9737 -7192 5540 5095 -5889 -754 2050 1375 -13 7601 -8740 -8127 -8566 6367 -5906 7627 5458 1925 2183 317 -1769 6268 -2001 5422 -6792 7651 6684 -4746 8810 1117 9151 6783 4022 -7664 7318 -5139 4417 6769 -7139 4236 -8956 6872 -5242 -8810 7705 8794 133 -6578 7358 -6325 -6417 7939 -39 -2380 6009 -195 9852 -8428 4736
7349 -8479 -8333 7896 6022 4560 -8227 5469 1521 -8245 -3433 -3234 1971 8426 -416 -4455 -6593 1350 9953 -4745 -3887 4097 1704 -2620 931 -9149 -4021 -3453 824 -203 2754 4906 -3499 -1322 -399 7237 -7519 -1657 9604 -8281 5080 8537 -3866 -7811 -7467 9747 -4335 1967 5843 -9845 -6854 -8660 3933 -2161 4173 -6873 -6352 -7523 -7020 7325 2281 8829 -7912 8196 -9891 -6388 8527 -9745 7994 8176 -6232 -4620 -2860 9254 3648 1561 -9131 4492 329 4748 8265 -6695 -8258 -1746 -6226 3484 -8886 8679 337 7054 -2317 965 923 5623 -483 2689 -9972 -3221 6017 4616
3124 5557 3420 -3595 5450 -1164 1108 2833 -9515 -7322 -1025 -7037 4125 -7111 9761 8922 5904 -1634 365 9817 -9792 9747 3639 -9954 -8281 -3683 3358 4499 -3579 8251 -6434 5308 7988 4469 1896 -6365 611 5903 9388 -1512 -6930 72 -2451 -8244 8444 -5968 -5903 -2414 -4153 8101 -7217 8255 6000 -2900 6175 -9434 -9383 -2487 -2708 -3779 -7397 -9777 3194 -417 -8941 6893 2082 8093 8254 -3324 9245 -2577 -8793 -3059 -6182 -7154 -3089 5394 -4042 -4234 -1388 -2365 120 3613 4813 -7224 -9133 -8980 -630 -6023 6525 2521 -110 -4154 7254 8804 -1564 3448 3132 252
-3579 -1942 -2068 3345 -7744 -7703 -3124 -3519 929 7590 -6871 1725 -5852 -7675 822 2194 1972 -9137 2606 -4005 -6380 -1011 -3404 4193 1370 -7720 2794 1836 4571 -4226 5275 -8021 -8444 -2360 6445 -2021 -6842 -8320 6722 5102 7180 4664 -2714 -9471 -900 -6095 9036 1413 685 319 542 8961 929 -1095 1285 -5583 -7731 -4394 7785 -1753 -8307 -9988 644 -3406 8760 1099 -9920 -6107 -8501 5602 2082 6811 -2607 9310 -8989 6605 -7512 -4230 5499 -6306 -8144 4562 -685 -3304 -690 3538 8385 -7948 -9013 3761 -3174 -3623 -8324 -3617 -9247 8320 -9071 -9452 4874 5428
224 4902 -3356 6388 6451 -5182 -7432 -285 -1325 7201 5047 1134 4674 -5651 -7404 -1533 9867 -3777 517 -7361 -115 -3203 5967 8125 -2590 1834 3347 -4355 1596 3761 4235 -3074 8208 4403 -4997 -5771 2732 -4673 6378 -4207 -4358 -9384 4462 744 6661 -2478 -1484 -7462 -7559 974 -4522 -1202 -5542 -9035 4055 9546 4665 8915 -756 2592 -9926 8268 -7755 1257 5637 -6855 9042 -5303 -2044 -7237 9074 9109 3072 1958 1856 -543 -7629 -2947 -9474 -6672 9258 -9287 4973 1670 6841 -9939 781 -9883 -7904 -2661 1395 -8554 8269 6555 -2683 8104 2303 -660 8235 -2484
8293 -8384 -6321 5743 622 -3203 4689 -8077 142 91 161 1101 5385 955 5053 -7606 -269 2175 -7233 4837 7430 -8015 -6695 -8771 4076 -4815 -3531 -2714 -5680 307 1579 -3119 2055 7711 9302 3630 -4510 -9281 -5768 -4166 6439 -2779 -7390 1539 8965 5991 -3358 -332 7008 2042 -2619 -2668 -4854 747 -8495 7383 7007 951 -5687 6697 5090 291 1075 -4849 9004 2703 -9634 -3889 4240 -3208 3716 -4276 8829 -3422 -5149 5315 757 -8218 -1490 5110 7279 2913 6968 4732 -6064 -3603 6677 9971 7381 -2462 -2032 7994 684 -3627 -3392 1788 635 6778 -367 -340
7547 -7273 -125 -3518 -2512 2930 1440 -3741 -2457 -5279 -7394 -75 4199 5017 758 -1437 6315 5531 89 -9891 -463 3623 5742 -2010 3259 2783 -939 -1541 -4981 -6404 -8915 8975 -5349 8264 -4241 -3888 3494 -9105 2627 -3377 3586 6226 -3057 -9922 -5733 6057 -6044 -2185 2090 9672 5655 2471 8897 -8761 2439 -1472 8860 1770 -2398 8603 -885 -5031 5105 -7650 8187 -1945 -3217 -8499 4722 -8891 7470 -6169 6872 3167 1010 5296 -2798 -4109 7748 -9408 3079 5441 394 -2490 8136 -9646 -2930 9413 1158 -7603 2544 4590 -3944 -4345 5144 5737 -3439 -6343 1715 -1
6791 9432 -5827 -3026 -4861 865 9856 9200 -6666 5913 9332 -6057 -4247 2201 6695 5095 7746 5367 -1670 -9493 -5200 2355 -6350 -9521 -2852 4900 -7057 -7122 -8093 5150 -1113 -6519 -1730 -1715 6198 2992 -7285 -7396 1784 6572 3451 -1417 5050 -1035 4064 -4035 1311 -6863 -5240 -6041 465 5537 -7643 2390 -7536 7735 8138 6442 5588 1992 -4216 7188 8293 -3471 894 845 -9947 -4783 7788 8837 7524 3928 -4919 -3419 5279 -7084 5334 7661 3738 -1119 5139 7683 5190 -813 -9109 6389 -1474 -2105 -1676 8614 7822 -6321 1099 1837 -6833 4548 -5122 -674 -7946 6764
3803 3921 9947 -9002 -8376 3253 3799 77 -8384 4834 -3544 -8850 -156 8225 -445 -1624 1544 -9755 -8428 -4922 6607 2005 -9892 -3470 9846 -9465 -9837 -2975 -4454 -9811 -275 -9179 -5170 5501 -3530 -3720 -6085 -2557 -3354 8897 -3400 -7381 4927 -1470 -1781 -8436 -7816 5071 8776 5952 -7891 -2708 6165 -3302 4123 -6603 1048 -3046 -7990 -1587 -5931 1091 -6028 8118 -3642 -7824 -3256 -4950 9066 -1445 -4341 -4544 -9815 -6459 7754 2420 -6853 3291 5608 7580 2782 7733 8015 -6832 8033 781 5491 -5819 -2594 6178 8018 -8896 6583 108 -679 -27 651 9049 -9508 8004
-209 7427 -90 8864 5760 -8339 700 -4801 7321 -5125 3025 -3380 3522 -2332 -9133 -2006 -1990 1418 -9010 -8184 5604 -8302 1845 -4240 5008 -2034 -3404 4576 -7020 -4441 2885 3655 -1934 -7065 1411 6285 4472 -4734 -1242 2134 -5192 -6607 -7201 -4752 1500 8505 -5693 5957 -5135 7060 2709 -6031 4888 -2022 7443 9156 6565 -7596 664 7202 5649 5652 -7810 9606 3884 -8196 6204 7635 6899 -9702 -6717 -5324 1036 -2235 -3543 3572 4590 -4951 3692 8203 1248 4656 8040 4534 3549 8898 -4508 1656 8556 9347 -2816 -7660 -3139 769 -1688 -1439 -509 -7030 -6213 -9905
8211 -6049 -2313 -6145 -1731 5512 8252 7095 -3892 2197 8384 -5233 -6530 4616 -8300 7854 4233 -6599 -4030 7214 1971 170 8637 4727 -8333 -6789 -3128 -8289 5151 4136 -8321 4228 8961 -8633 -1085 -5198 -2485 6936 32 3337 5426 -8890 -3082 -3474 -5918 7268 -2854 642 -4164 -8104 3279 -9873 7672 4726 6299 8243 5863 1276 -6843 8568 6118 -9360 -5821 1950 -7103 -8639 -8929 -4787 7443 -3989 6252 5744 -9508 8541 473 9334 -5620 -173 3952 713 4833 -7559 548 -916 -1441 5555 -7093 -1500 5163 34 -1658 -6326 -791 -2928 7161 5678 9946 -9049 2807 -7487
-3447 1065 1335 75 -9949 2056 1872 -9566 8307 -2412 -6099 -2396 -165 8824 -9690 8768 5839 -1937 -3411 -8024 -5688 7440 4531 -5945 7878 -4576 4798 -3424 -5254 8103 2889 5026 9979 3170 -5373 2169 7715 -7706 -6571 -1468 -9843 -7008 -167 -4819 5953 -448 5152 3385 9765 6151 -4798 -7686 3191 7522 -2920 -6112 5330 -8452 -9961 -2929 5887 -4824 4296 5270 -3703 -3884 1216 9118 477 5805 -8185 8632 7902 -8032 8620 -7692 5916 7038 -1809 -7226 -1114 -2392 390 4062 -7591 3259 1620 -2962 8245 9140 9082 6054 2592 219 8074 -969 3276 1440 -4757 5559
-6554 -7475 -8103 9452 -4268 -1741 5571 -2230 530 -6065 515 -8307 -543 5226 6230 -8746 6948 1926 4199 3298 -9972 -3567 -9665 7235 9783 3203 -3962 -5510 -2193 6802 4229 -9863 -9935 -4347 -9610 -1028 -3391 6954 -2653 -7116 -1759 -6354 -9034 239 936 -4529 -1553 -2359 -8049 -4676 -4233 -2390 -5525 -9490 6818 -334 433 9468 -957 2643 2123 2394 -7637 7666 -7769 -1345 -50 474 -9476 9512 1048 -2542 469 6008 2980 2460 9936 3808 -6674 -9575 3011 7350 -1633 608 -5384 -9006 2370 -7480 -8184 4533 -7129 411 -3092 4185 1689 5051 4547 -3072 -8823 6090
-2706 -8943 -4301 671 -9992 -8100 -7449 8256 5602 -4733 -5104 6216 -5035 -2771 -6972 -3275 -1388 8357 2025 5440 -4945 3764 -5020 -6012 -5884 9191 -8987 -5668 -3655 -6886 2833 -6364 3383 -929 8211 4697 -2175 3817 -2847 -4053 3904 4129 -2666 -371 -8002 -2392 8793 5725 2271 3499 -1632 -12 -2262 -8330 9810 -2278 -3456 8456 -1027 5190 -9273 6560 9700 -294 5541 -8996 2925 6665 -9751 -1769 -8013 -4501 -5752 6780 1356 1104 -9910 -3738 -3685 -5503 -2786 8972 381 4752 -8320 -4734 -300 5661 5477 -2046 1608 4959 -330 -6523 -8150 1282 6241 -2318 -822 2797
-2357 -3160 -8713 -9218 -2267 1932 9249 -2213 -2422 -8651 -8149 5151 6729 367 8723 -3122 8066 8960 5345 -5925 -412 7813 -9192 -5333 3115 -4357 -4487 5191 9847 1504 -6046 -4691 2460 8651 9409 5459 8547 -3312 833 -5980 3808 5967 -7174 -5732 3081 3997 -629 -6174 -620 8017 3710 4726 -3264 2328 -9305 -7568 6870 6891 -1096 -987 -1597 8554 -3273 7478 6717 3616 7038 -3988 7214 -4120 -7551 -4300 291 1763 8871 -9966 -2968 2107 865 1973 5565 -5335 -2046 3824 -2670 -7129 -3673 1855 505 -5775 6403 -6144 -4291 -3770 -645 3129 7423 -4620 3901 9358
3880 1917 -9090 -7686 4522 -2625 -4502 4580 6905 4353 -307 -2462 -9149 9831 2669 -18 -3683 6988 3154 -538 -5849 1425 75 6545 -5031 8178 6304 8730 4919 -2171 -4258 -5528 -704 6479 1849 -8227 -9218 -5320 -1333 6649 -2055 8905 9100 7494 8888 886 -2533 -7049 2244 -429 -7433 -9211 3505 -9513 993 6420 7348 3771 -8114 4079 5565 -1776 -9121 5085 -9665 -9101 -3743 -7079 9028 5509 -1775 -3040 -2506 -8980 4020 496 -4443 -5006 -6093 -2182 137 -9136 -5003 -5529 6495 9922 -7340 -4138 -550 2921 9275 2772 -3962 -8697 7559 5084 8526 -870 -3096 -8641
6194 7178 3212 3849 8874 1279 -2463 -1370 6733 3002 2849 -8182 4739 9227 9793 7118 -8298 -9957 9229 -1824 -122 9652 9098 -6484 -8127 6151 -6699 -6871 -3961 6029 5857 -3028 8103 -6465 7357 6269 -313 -6251 -3482 -2752 431 3374 6583 3556 131 -1595 8117 3015 -7172 3949 3398 6727 -3041 8446 8609 8401 -4490 -8744 2601 9598 -4799 111 1774 7810 2633 -3846 6733 -7020 6590 481 9125 3954 2732 15 1002 2202 1524 7822 -8082 9443 6299 -188 2903 -8979 2369 -8111 7418 -5958 7323 9450 -2922 962 -6973 -2989 -4 9003 7456 8296 -7725 3910
-8699 3563 5645 -4950 -4150 5919 -7335 7080 5627 8055 3542 1996 -1707 1761 6489 920 -8522 7492 -9584 2781 -2284 9696 -8363 4725 3461 -9002 7498 41 5586 -9607 5649 2093 5031 1204 -5474 3311 68 4233 -5228 -6711 6813 3776 -5216 -986 -4948 -796 9148 -535 5456 8886 1845 -9234 -7293 2237 -1690 -2916 8184 4159 -5408 -3703 -7083 8450 3277 2025 957 9043 3684 -6333 8233 8071 8649 6811 -1183 5057 -1330 4169 -4861 7346 422 6627 7555 -2159 1387 -7025 2265 9586 8731 -4814 -7494 -1245 5070 149 -1315 -7910 6596 -8322 3251 9818 8363 -4699
-9763 -9564 5791 -5422 2016 1165 -4406 3885 -1872 5501 3197 5779 2760 -3952 882 -9607 1859 8640 7574 -709 -5169 3098 7923 2075 2473 -7275 2 3768 5118 8890 -2105 3238 -3329 5991 4462 2323 -7830 1844 6024 -5363 7251 4535 -9723 9737 2124 7629 -1524 7695 9509 442 9857 -9937 220 -4465 6897 4792 -4120 -4377 -5080 -5395 -709 3965 2819 6341 1446 -56 -2028 2384 -6651 3504 6474 -1961 -5193 -3062 9357 9859 2323 7307 5819 5007 2246 -8036 8281 -2832 -9736 -3773 6891 -4510 -3267 582 -3597 4824 -8167 -9407 -1111 -4183 -9993 -8140 9147 -1069
3095 379 -9060 -8138 678 -3538 -6520 2801 -6416 512 4086 -1119 -7410 -885 -6611 -1560 -9395 662 5783 -2257 -7037 2406 4435 9693 -4632 -2000 7926 -7149 7738 3636 -3351 -7726 -7290 -8692 -6379 -484 -4550 6964 -1040 -4942 6512 -3700 8938 -1725 -5337 4422 3613 -9028 4964 9069 -1617 78 -3757 7993 8305 -5775 5519 6195 1997 -774 4912 -6631 2891 6399 -8267 1467 7222 -3291 -9676 -9862 -9278 -9733 -1940 5603 257 -8175 6448 982 -720 -1494 -3101 4243 7690 -7541 -1459 -966 2011 224 6390 -729 5798 3700 3004 8259 1506 9286 -5254 -5080 -9013 -2952
1579 892 6829 4789 4809 444 7416 -9245 -3728 8571 6448 9826 2910 -88 1798 -384 -3837 -3738 -4423 -8229 5699 -6631 -4157 -6856 -5768 6546 9052 -4336 -9466 9050 9015 -8951 4700 -4896 1409 4752 -9802 -428 7739 3954 4071 4971 6384 -626 -7336 1579 -1146 -4873 2949 -6557 -7342 4796 -1372 2279 -6035 3243 -800 6692 -8021 7709 337 -6376 852 -2598 -2472 -6539 1150 -4708 4848 108 8473 6352 5051 1550 3332 -3667 -2931 4027 6387 -2942 9955 -6320 -5601 6566 1343 9216 -4968 5715 586 -3468 -7126 9976 -9989 9241 1589 582 6479 -3413 2151 8348
6277 3992 9093 9377 1491 5103 948 -4295 3777 -1284 -2822 1761 9367 9147 -2658 -1999 -4699 -2190 -3139 -9372 7468 -2822 -728 -1530 8068 -1303 9082 -3260 3362 -9292 -765 -2964 -5424 7762 3626 5270 -9769 -4844 -8821 -9223 -337 2414 -1545 -2733 8614 1343 -4674 -8579 4960 3754 3791 2256 -3737 6958 -1593 -1992 8006 1858 8457 637 500 5740 9434 -9049 -4965 8881 4728 2014 6131 5187 4811 -5650 4485 -6038 -387 -4875 -4204 1632 -8978 3010 -5686 -6901 -6333 9463 -5196 5689 9076 -5754 4244 -4652 7685 -6557 9720 -523 -316 2990 6335 -7455 6157 6329
-1017 4101 -6808 3717 -351 -1552 -278 -6814 3632 -8631 2500 9958 9706 4385 -898 -5040 -3547 -4284 -6506 5202 -1044 -7163 -9990 1128 610 3253 1284 -558 -8994 -2748 5366 2915 -7766 6392 6374 6914 -4063 5765 -5763 5532 -813 6457 -7552 -9540 -4550 8848 2778 -3098 -4254 -971 9507 -8330 -5339 -4218 -6902 2536 4227 -9367 2375 -9013 -6176 8013 -7882 1856 -458 1825 8901 362 8888 -7800 2474 8516 -667 3258 3883 -5962 -5620 -7752 -5202 -7660 -7791 -3198 -5349 -6239 4223 -38 -6357 8675 -1825 8366 8327 -6810 9253 -3224 -8818 917 5325 2997 -4801 3462
-7208 2265 4599 7465 493 6939 6472 5387 7026 1954 6042 9666 3430 6805 9450 -5276 -1536 5649 -5975 -6318 4175 2239 5692 2570 -8013 8996 -8706 -8592 9086 -3062 -9874 3246 9336 -7837 3711 -6157 -7390 -4616 -770 -50 -7942 2550 7054 -5952 4098 233 8814 -972 360 -4494 -3276 3839 41 -5330 -6052 60 1238 -7654 6253 3390 -318 9242 361 -8746 -8330 -8616 2459 -7136 -7389 -3908 -6308 2292 7962 3272 4170 8765 -8047 5836 -4772 6591 4139 5529 -4982 -4466 1037 7651 -2765 6811 -2934 4119 -4034 -8451 -1850 -2982 2229 -7786 5161 -2634 -6784 -2830
5355 9868 269 -4246 -6264 9092 -3446 3909 660 -1712 -2393 -13 -3218 -9336 -8865 406 -3143 6632 -1150 1257 -4500 6025 -2858 -4860 715 -5813 -9539 -9773 -691 3218 -7079 -1585 771 -1124 5942 754 5857 6118 -7281 -3335 -9489 -5448 -1214 -3463 4814 5064 -4567 7104 -734 -4719 3890 7677 -6164 -2539 -6176 -4381 6518 4266 -1601 8979 -1637 -9224 209 470 4013 6928 -6322 -40 -4666 2815 -1580 -8789 4704 -2975 -5368 1295 6336 5902 -3685 7689 420 7299 3768 416 -1881 -8568 480 -35 -954 1500 6804 -4943 -7945 2277 -5779 -1019 -2557 -2686 4466 267
5886 9109 2605 -2924 -7556 8002 -9194 3174 4315 -3934 7666 3046 6594 -9533 -2279 -8124 -858 8776 -4524 -3672 -7058 -8225 -9686 -6963 -8177 220 -4949 -3275 -822 -3282 3925 939 -382 1684 -407 -2836 5428 2533 -7833 -165 -8760 6652 -5909 -5754 -4864 7041 -5752 -3619 -8634 -1610 -5598 6797 -9400 746 6775 -1673 3380 -3957 8012 5218 180 -2024 7803 -9045 673 -9216 -6702 8804 2120 -3053 9878 -3126 -9264 8027 -4036 8512 7590 5982 6202 -4408 -512 -6286 920 8126 -8880 1714 8406 -8280 -4437 -8353 -4947 3262 3352 5908 -5415 -1275 -3821 2203 -4862 7153
2079 -387 -5206 40 564 8678 -2733 7344 -5265 -7014 -2659 5613 -4993 5554 -5153 -1481 8611 -5527 9360 9383 5507 5921 -9598 -6832 6674 -1580 -9472 2760 1104 -6038 2443 4810 -237 -8041 -7670 -2009 8303 -5923 -7617 6431 5903 -4889 -9865 4097 897 1229 6161 1490 -5064 -3805 1341 -7544 2968 -5018 -3244 8352 -7197 9465 4043 -1336 5799 6658 -8381 9303 3644 -2492 -4717 -9063 453 -9136 5163 6321 -7778 -4278 -3588 3191 -2752 2535 -1564 870 489 1404 5925 -7280 8154 -3976 -3149 8388 -3431 -3411 -3996 -9230 6215 -6254 7491 -624 -3065 -4762 2065 2014
-4317 -4230 -836 8648 1880 9510 -5994 2106 -7373 8832 2666 9743 -3406 3200 -5318 -4705 5999 824 9489 5691 -9173 -9002 -6012 6935 -2898 -8783 -9444 -6013 -1490 4209 -1627 5906 -1576 8430 2507 1010 -5602 -5508 -272 7222 4051 -5184 5473 8820 -1086 2087 8467 -2677 -297 1549 3821 5019 6579 -2547 657 4098 359 -3937 1367 -5754 -9227 2835 -1677 -3673 -1405 305 7187 821 2143 5261 -7556 6010 -719 -4643 7021 4136 -6139 -1687 -7032 5833 4915 -2788 -2115 882 -5065 -1807 401 -877 -6472 -7045 9455 3296 2908 539 6078 -8738 1901 -2260 -3761 -4150
-5941 -9247 -7972 9767 -2690 4832 -7372 -1163 5307 -7643 -5452 -305 -7137 -4394 6954 50 -3498 3224 4853 -9406 -2637 5038 -4288 516 -5736 -9365 -1838 6483 4229 -8916 6642 6293 -559 -6806 -7754 4543 -8753 -5820 2385 -2663 -1717 4126 -7318 9472 2164 7528 -8897 -3938 4729 2742 -2146 -7903 -3220 -4104 4251 2835 5116 -9112 -3658 -9421 -6988 6010 -667 -2375 -7038 9281 -9601 8403 6811 7848 1715 -6048 -9298 1270 -450 -8563 4792 -3854 -9339 744 -6607 -2062 2780 9336 -8270 -5007 325 -6785 1501 -5579 -8476 5628 -39 2033 7190 542 4205 181 8902 5771
2461 -1043 9439 -4848 6913 7703 8914 6003 -8894 900 6343 2687 -4420 9038 -2444 -2026 4829 -4294 7219 6457 -9219 -2819 6646 842 -4682 9793 -5077 2888 926 4682 -1681 5573 -2511 -8855 -2874 3503 9623 2018 -5522 8773 -1798 -9673 -1127 5451 -1411 -6188 -8951 3656 184 5149 -525 6597 3184 6975 8486 -6768 5808 -559 -8923 5581 2151 -5478 330 213 -2985 -9504 -337 -5161 -8766 -4283 8181 2420 2248 4178 7268 4546 -9908 2091 -9845 445 6979 -9166 -704 -9304 -6569 -9181 1322 7453 -6291 7710 -9358 9008 4612 -7897 -2692 7191 -755 -5290 -2440 -7346
5095 3699 1823 8663 -7739 7268 5961 3914 5803 -8995 -5566 7047 -1118 1389 4279 6221 -9468 -9149 8497 2780 396 8746 -8086 -77 1051 -6245 -4403 -8767 -386 1587 3869 2709 -8530 -8306 -1993 7430 -6158 9868 -5932 3645 -8114 -9228 -6914 -9521 -8719 8981 1468 -3175 2888 1296 -4959 -3838 -3857 4570 -1961 -1179 8002 -3260 -1219 -9437 -5883 -4813 -969 -1253 433 -1708 9469 -5397 7072 2152 -6296 171 67 -4895 -7426 -7304 8302 -3880 7663 4324 -4898 8262 9288 8903 6916 -3737 -3293 8011 4410 527 6025 -2131 -1889 7575 2208 2685 8510 -5752 7003 -78
-4371 4282 1099 -507 7833 3183 -283 4078 7881 3224 -8937 8777 -822 -8037 -5853 1889 4440 3033 -4730 7664 -9420 1494 7053 -2244 -66 1918 1791 7554 5121 7569 9848 213 3236 -282 5336 -5067 2183 -2558 -9890 5386 7802 4100 -2659 7946 -7826 6910 6684 -7542 3016 -4077 -8354 -1370 -3434 4653 932 -1665 1913 -5955 285 -2844 -2391 -8392 -2077 -5901 6278 -9047 1682 1284 -3063 3462 -5164 319 -9703 -6835 9871 -5329 9791 8262 -8885 -1706 3380 1724 -3343 9343 9481 6475 4714 -5104 8111 9156 3643 -4349 1452 5150 -9901 -7645 8766 5545 4423 4996
-417 -7618 7920 9644 59 2807 -5577 -4536 2327 3042 6390 -7231 -2619 62 5510 -8802 -6143 -5381 628 1115 5828 4642 -1940 -1241 1103 -1312 -8082 4963 2382 9612 -3905 -2722 -5139 7014 -5437 -7965 -748 -9347 -2956 -7077 -3510 -3221 792 6645 1620 2958 -6376 -4315 9876 -3717 3264 8289 -6889 8951 -8816 7458 6161 -1132 3639 4001 7047 -4607 -9193 9300 -9290 -1182 1244 -5652 -2625 612 5261 -5633 6416 8086 8570 -8104 -5349 -3088 9448 -5854 -1650 6077 -901 -3488 8754 9393 -4793 -7436 2195 9713 -7586 -5738 -4335 5498 6117 8637 -4136 -5083 6549 8957
117 1705 6934 5095 685 -2060 7889 7642 -8987 -9737 -5729 -9505 -3964 -7737 -7443 7254 2884 -5896 9756 -16 1923 -6493 -2977 -7582 -268 -1709 -120 1394 7666 -7577 -5167 3231 4273 3158 1943 -3328 -565 3054 7203 5254 -5836 -887 8274 -9246 9616 -9218 1785 4223 6621 8009 -1074 -6537 3379 2654 665 1413 -3597 6592 -4087 -2480 6026 -2385 7290 -6672 -7184 5510 5228 5055 8401 -3809 9275 6863 8198 1390 -2012 2939 3482 -236 -1445 -1372 9197 -7739 -2999 -2301 -9752 2571 -3430 -6749 -4202 -126 7703 -4339 -2002 158 6743 4882 3645 -6959 1010 8014
-4407 -1783 -4474 9235 -7149 -6002 -8011 -73 7645 -8010 8168 -6024 8062 -7436 -6978 4799 8898 -8015 -3925 -7758 8991 3007 8039 -7358 -4657 2186 -6014 -9898 6703 -314 3371 4620 -4414 7730 6017 -2617 -2281 -6726 486 -2997 1981 -9861 8680 7855 7430 8830 -853 -830 -5084 5625 -4456 3253 4869 -9990 8899 2696 92 -2849 6232 8086 7122 470 8811 8255 -2933 474 1788 -6372 1607 4 -4944 -5643 3146 4348 4829 -6718 -5116 -3360 3623 3421 -2457 7370 -9306 6085 4345 -7025 1679 5636 7411 -9951 8209 -7315 -6290 9486 8403 7872 8436 -4678 -3767 3827
-4775 3038 8356 7647 9888 -4534 -8495 7519 2790 25 -9192 -2743 -8966 2983 5695 3895 -6875 8208 5312 -5901 5859 -8508 9744 -6744 -2362 -6956 -4279 4794 9868 8394 4609 -7453 -2736 -2195 -5824 -3408 6902 -1826 -546 4564 677 -8593 6460 -4005 1775 -2357 -4183 3769 -99 2429 2418 -7391 5647 6103 -6958 -5170 6125 6763 8715 -9394 -866 -4110 -4199 9536 3820 -1640 6267 3447 -4779 8083 4494 6939 -4335 7305 -2098 -8439 2252 -1742 -9293 1424 5739 -6007 -246 4725 -2282 -7778 5395 -6797 -5422 -1424 7422 -1095 -209 -3253 2080 -9157 3719 -1740 306 6209
-4507 7956 -8006 -5777 2310 6390 -8913 -9083 2641 6141 5246 7976 6528 4698 9022 -8502 -2658 5278 5257 -3927 -6250 2409 2510 4241 -8496 9519 6293 -6466 1127 9228 3803 -1581 -9329 1527 739 7662 -6304 -6326 5806 6463 -7278 4609 -7835 -7434 -7209 9892 -974 8628 583 -7095 8257 -1079 6858 -175 -6178 2247 2499 -5599 -860 2668 6961 -338 -906 -9932 -6794 -8659 -3478 -9718 -9274 6420 -22 -1507 5410 4001 -7187 -304 -8984 9424 -5868 -6829 3107 -7740 7701 -2098 -5627 -6886 -8121 -6652 -4245 2080 -4211 6881 9632 -6834 9209 -2756 -7404 -5987 5009 8194
-6212 -2487 5149 7432 -6408 -3180 -4662 -5288 -5136 -5265 -9869 -7320 607 -2029 -96 -6249 8752 -3527 7318 1860 3038 6525 -3520 -6529 -6858 7035 -6643 -7743 6348 -9724 8146 5578 -7260 6167 -1485 8731 471 -5521 -2928 -7932 5778 -2946 -3010 -2360 1671 2286 -4465 -5913 -349 -1382 9545 8668 -1319 -1980 2911 -120 338 -8685 8685 -8089 4366 -4873 -9524 -2421 -7445 1768 5640 -6101 4941 2095 -8057 5107 -4134 1758 2956 5712 -8627 -4748 7314 1356 -7214 -5157 1883 -2917 5362 4829 5997 1120 -9130 -1493 -9506 -5349 312 741 -8753 -9420 -2620 -9689 3060 -8266
-3453 1058 4507 -943 3470 -9400 1733 -3019 3216 -7743 6471 -6342 1459 7176 5258 2831 955 4326 3195 1862 4124 -7865 -4449 -7728 -1196 -8241 -4161 1437 6559 -1125 6833 5169 -3381 1444 -4556 -1762 6822 -8713 -2196 9961 -7558 4333 -3848 -6044 -4459 -7870 4225 -5027 -9148 -1506 -4743 -1825 -6136 -4019 -4803 -1397 8108 -2347 2321 8583 9219 -9186 8144 -6426 4629 -2155 -928 -2210 -8294 -424 -2677 -6950 1176 5671 -8675 -6027 6815 -4437 -2387 2107 2932 3190 723 -3045 1608 4933 -7338 -5967 -731 -6853 4446 -4657 4862 9291 -4333 4107 -7933 1685 4796 1355
-1675 -8404 665 6716 -8805 2929 3237 2242 -2175 8361 -7947 813 7358 1013 -9916 978 -5336 3663 6649 -7348 6103 -9900 -9203 6137 -9322 -1021 5656 -1329 -5494 -2340 -3902 -6407 8562 9842 8800 -779 -8708 1004 5977 210 7204 7747 -7488 5761 596 -4508 6121 8006 -5518 7784 -3090 8607 5255 -5398 -8086 -4288 -7688 3777 5513 -1894 -4941 4864 -7119 5529 -8018 -3788 9442 5638 1247 -9739 -8517 -4298 -6548 5274 2831 7449 -6610 6711 9174 8460 5244 -7499 8402 1503 3234 -8991 1885 8372 206 -9298 2980 -4826 -3248 -7286 -8016 -9629 -2653 -1212 8531 -4850
-9427 5180 5331 4760 2309 1308 -8229 2306 -9703 -4339 -3963 -4509 -7803 -9013 -2041 2735 1166 -331 2778 -8950 -8149 -9700 -3789 6706 9288 -1914 -4919 -9606 -6567 4929 9855 1384 -9905 1875 -6396 -8493 9528 389 -6612 5570 -4064 -835 -3898 -6144 6247 -2568 8668 -9912 6704 -5044 -988 -7807 -5347 -9817 1448 -6315 840 -5466 -2319 -6360 9137 -6266 1389 -7649 -1521 4969 3881 -1133 6936 9673 2306 1709 -4542 4420 5445 5042 -4664 -530 8218 -2748 1135 -5914 8564 6874 -9897 -9027 -4461 543 2550 -4927 -7769 -4364 -4139 8970 -1633 -7477 -8384 8069 -141 8389
5185 5819 -9903 119 2214 5178 -8452 -3003 3248 -4954 7233 -8178 9540 8582 8932 -9177 -5745 -5437 -1815 -721 -2136 9106 -5728 -4826 -9472 -4243 2175 -2303 -5513 -9491 -7749 9134 3680 9965 -5795 5834 -4762 2444 -6335 -9998 8911 5539 8777 1870 -882 -7552 9950 -6392 -5356 -5435 -2541 9378 -2043 -6946 9755 -6249 8072 -6809 -8047 1680 6008 -1964 -1456 -6202 -4057 -2821 -9999 5856 -4944 6772 -5422 3389 5461 8391 -1253 2077 7277 -966 2965 1669 7369 -8740 8399 -789 8519 -8403 -1920 4833 -7947 9208 3026 -21 -7068 -7963 17 2927 -9441 -257 393 4893
1295 8697 -6469 -121 -4188 245 2406 592 -1387 7491 -2931 -8334 7872 -5503 -9997 -9423 -1240 7878 -8852 -3618 9257 -6117 -2655 -52 2497 -8951 4053 3215 -2750 -5424 -3773 7804 -5613 -5304 -9998 8568 -1371 4993 -219 -3287 6295 1413 -2459 6279 -9174 -1798 -4828 -5760 -8308 -2225 9476 6737 -8785 5103 -6907 4334 3494 648 -1589 -3964 6203 113 550 -3875 1797 111 5257 -7833 7910 -4050 -53 727 -9067 1476 4448 -8198 7315 -1349 1860 -7941 -8821 -3835 1259 800 -9158 -5270 6973 5306 9566 -7930 -9523 712 6048 -4398 1794 9349 3001 -1520 7434 910
-2565 -4171 8247 7058 1593 6005 1688 445 -2801 -2147 1766 4754 7910 -4623 822 -7516 -8927 2565 5114 2301 9636 9308 6171 -9753 -768 -2703 9303 9100 -7222 -6138 9856 -8808 -3082 7019 9120 6018 8755 890 5313 9510 -6240 6808 -7588 9670 -6096 1980 999 6811 2442 -4159 -960 1994 -6301 3302 2572 -8188 -7185 7355 -5624 -8568 9770 280 -5522 -8507 9535 547 8724 851 -5172 -3314 344 4412 4745 1888 5392 -4560 -9669 -1969 -9819 5565 -1179 1581 8264 -6977 -5194 5048 5333 9660 4550 3347 -8863 6524 4918 -9070 6831 921 7005 -8272 209 4098
-781 -3841 -759 -5306 -9610 -4238 6839 489 -6516 9514 -4936 5194 1142 -1951 2812 9790 -4323 2066 -4674 3933 -5999 -2319 2548 -3406 -8738 1979 -460 3175 8 -8516 7366 -1219 -5059 -1014 -1750 -257 97 -9522 8206 9310 -3909 -503 4011 4175 5738 -1407 6829 -7509 -6365 -3348 -6916 -7699 -3790 3221 4480 -3438 -9829 38 -3246 -8968 931 9292 2372 1222 7802 524 5464 -3432 4433 -3447 -6886 352 -3609 -8993 6052 -5200 961 361 -8858 -6189 1292 8041 5331 6296 -1385 -7558 -974 8922 -6586 1689 4381 -7967 -6155 6712 -7960 -6551 6073 6372 5768 4762
5747 4338 -1620 2711 8394 8265 -68 9065 -9798 8555 -8063 129 -504 4762 2690 3210 -8159 -9849 7459 -7842 -8229 -7371 5899 6813 2522 -171 8562 1224 -4920 6918 886 1425 3891 483 2685 -8471 3795 2874 2201 5837 4238 -9344 7497 -2160 -9560 8015 -803 6131 -3310 6747 2276 -6083 4067 3786 -1059 6967 8529 -2802 -4273 1422 -8942 -3068 -1107 -2017 7978 4855 6143 -5120 4984 3622 -3786 -3613 1652 -5427 -3852 3689 -684 5151 4022 -5634 -7255 2228 -4427 9740 6223 -4793 2504 -5047 -5092 430 3496 -4709 -4968 -4846 896 -8583 807 -7617 -4154 -6308
1228 -7538 -9102 -1686 9227 -5638 6287 -4813 113 -1768 -9920 1751 33 8180 2667 -7463 -31 4865 -6879 -6510 -5022 5427 8049 8889 2167 2792 -2740 758 3185 7845 -1069 6820 -23 1083 4263 6781 9274 -7052 8037 730 -8804 5210 -4171 -7104 -233 -5241 -707 1448 -6188 9151 8791 -6333 8777 7432 -1678 -6402 -1935 5589 9982 9480 -3499 318 4157 6067 -8655 -3131 -8386 5795 5444 5468 1803 5579 -6629 7228 -1085 2092 4955 2492 -1422 -3322 2674 1079 -9527 9457 4241 -4713 -8535 3747 -2272 -1465 -7617 -6414 2839 9633 -6631 -8970 4450 8781 -464 1047
-5653 -6654 7219 -8465 -202 4023 6614 8810 -1448 9376 -8112 -7368 -3058 -746 4049 -9793 -1955 -5853 -3644 7105 -4304 -8374 9301 2910 7682 -7271 6332 766 9859 7010 -3752 -737 2155 -1584 -9861 -1009 8825 2638 4594 -1647 -2210 9360 1312 3824 -247 -9809 2308 9753 1422 -467 5509 -9705 6846 -4843 -8681 -4430 -2126 6846 -1052 760 -3428 -2930 4192 1253 7140 601 -4365 6193 -8023 -6703 -9142 -499 8471 1311 -3432 9341 8885 3376 2282 -7097 -9979 1753 9921 -1891 -5698 -5147 1333 -6167 5539 -9824 9650 -3717 -1583 -7237 -5475 6842 7427 -369 -1548 -429
9913 1970 -7277 -3857 200 -3261 -5193 -7511 8969 -7899 548 5885 -7384 -7348 -7917 -1276 -4451 5691 6444 4866 -7481 8383 -8198 182 -4943 -2320 -3400 -6917 -5364 -272 -9793 -5971 -5142 -5620 -9034 -5975 3095 7807 -3435 8932 7542 1179 9254 -5213 3213 143 4528 -8089 5591 1194 -1483 -2022 -9013 -8605 -3545 9274 9439 4384 7680 8166 5550 1239 5222 -7281 2614 521 -5757 5544 -7656 -8745 4894 -4357 -831 -1794 -5272 2146 1522 -8743 -2115 -9709 5931 1899 1842 -1887 4836 -6747 -3161 1448 2696 -6847 -5881 -3546 5188 -4270 -5358 -369 3338 -4896 6097 2284
-5480 -4987 -7299 121 8939 4776 9000 -8835 247 7246 2221 6773 -9900 7473 -4366 -6225 -4324 -3993 -4711 5860 -6317 9278 4944 -7238 1392 3240 7100 5196 6211 3561 9906 3972 8942 8193 -7067 4432 2010 9922 9295 -2089 -3054 6051 8712 8023 -7622 2233 -5742 -9080 -3949 -9157 -6922 6187 1927 2339 -9326 7259 8565 8178 3033 -7198 7815 7011 3068 -2148 9429 9629 -7283 -6152 -6545 9855 236 7678 -5971 -6878 -5684 -6005 -2333 -9922 -2805 -5118 -7687 -962 -909 -4481 -5717 -4602 -9797 -280 8775 74 -2975 -1820 4577 8558 -7870 -1133 3459 -5928 -3275 5955
3704 -3719 4732 -7561 2631 -7424 -7403 5464 -9217 -4773 -266 -9379 1318 8918 -7077 -883 2998 616 -594 -8390 -9366 -334 -3186 -8019 -678 -4045 -2586 3922 -1708 957 -612 5520 4492 -9014 -1853 -4788 -5368 9047 -9133 -2217 -4482 4325 3601 6141 -498 -8504 -7861 3908 6333 5319 9990 -5755 -9768 1034 -3087 6119 1529 -6101 -1735 -2733 -6657 -2589 -7876 -2446 -8231 1015 9228 9868 7076 2267 -4616 4545 4354 7834 -4116 -6691 -6404 4683 468 -4250 -1001 2903 -2437 5864 101 9262 -5986 4883 7849 6218 -9364 3917 -7384 -5300 -4882 7778 -8373 -995 -8043 819
2327 114 5078 -5742 90 9682 3303 -3987 770 -4715 -6131 7592 -4745 9535 -6324 -8909 699 1945 -2623 8332 -9976 -357 -7965 6109 -5524 -663 -3127 1135 -8403 7496 -7135 9619 -8018 -759 -3047 -9934 -828 8400 -1013 6083 -2933 8457 3100 2742 -314 -1542 -565 5496 2370 -2681 2448 8779 -2927 1772 8150 -3507 -2699 -8733 4200 8371 -5182 6873 -3542 3698 6763 -2649 -8273 4053 8899 -5890 5008 -3727 4487 -5913 -1647 -9043 -490 -8828 -3881 -1324 -9651 -9073 3332 -8197 -8606 6769 -5385 1487 451 -206 -4646 -9465 -4573 4773 8293 259 -5073 -3516 -8873 -3792
9167 -2615 -9312 9031 2074 9952 4361 -3962 -317 8411 -6549 5305 -686 9799 5839 -4457 -1857 4684 -6457 9782 -2511 5173 874 2684 239 1712 -3578 5497 -4608 2787 -4297 6137 7442 663 7812 356 1882 -945 1087 6295 -1455 4330 4921 -3385 746 -7596 -7214 -3131 -2752 -1334 -1311 9524 -7083 9482 5119 -5065 -5338 8663 -6915 -4436 5829 -1860 9271 -2219 4551 -2803 9356 2850 -9943 -9416 2079 8950 5195 9530 -263 -2336 4548 -2157 8096 -825 4570 -1798 5334 8826 7491 -94 850 4435 7372 5630 -7159 -492 -3959 5039 -252 608 6517 1307 -9697 -2513
4051 -4438 1302 9073 -9499 -8497 -6747 -6912 -9484 -7832 -7658 5126 6409 8557 2783 -1560 -9357 -4155 5779 8362 5397 -1668 -6624 4811 1933 2248 269 -6323 7514 -2448 -7108 8478 1374 -1548 -1071 -2001 -7055 -4959 -3552 9525 -1590 9482 8166 8930 4739 -5451 6327 -1032 -4309 5336 6376 -1458 9860 -2805 -5135 9839 2250 2417 -7971 -5605 -5144 4679 710 3318 -8255 -8075 -1640 -886 8809 4503 8608 -8404 3259 -7174 -590 -8723 -9323 2348 -6603 1585 -8122 -4251 -7528 132 5339 -8915 -5547 -4625 7000 4755 -2572 7072 -8157 -32 9878 2799 -1506 -3395 9787 9230
-4955 6450 3451 3549 3246 824 -3256 8180 -9324 -1529 1020 -2860 -486 -452 -5575 -8201 -8280 6477 110 547 5932 5408 4304 -6132 -2518 235 4311 -5157 -5849 -9460 -2199 1043 3450 -2687 -7602 -1802 6888 -9141 -9602 -8996 -3578 3840 -2347 -7371 3202 -2126 89 5583 -2710 9272 -5448 -5283 -5040 -1753 9411 4334 3881 -413 -5241 5947 5402 5762 4670 452 8918 -7210 1004 3993 -1371 -4293 -3055 3538 -9751 -2426 9807 5056 -2571 8623 4490 -9670 9061 519 3655 -7030 -2501 -9047 -1248 8458 2366 -2001 6051 6845 5495 9565 -6485 4635 2129 8499 -8746 5298
4009 3734 4752 -6793 3578 5622 1541 -3276 -4426 -2902 6093 4461 4662 4022 -2470 -4203 -8550 9921 -1764 9975 -8014 1622 5174 -3402 -5731 -2193 2777 1644 -6328 -8113 1013 7238 4889 -4751 4990 -839 -1126 2751 3376 6691 -6391 7092 4806 298 -6204 -4202 -5551 6150 3664 -973 7784 4737 2641 -147 3874 3230 9566 9566 6072 4781 -7922 -6980 1623 -9950 9381 286 -1298 -3227 7287 6622 7839 886 -3107 6253 2670 3053 -1559 5811 5921 4014 9278 5823 6297 -1363 956 5891 1282 -6857 389 -2042 237 -7791 288 -3335 2988 8883 5731 4837 9008 -5177
-3632 7163 -5750 -2479 -8389 1603 -4809 4956 -9869 4084 -91 -1907 -1227 202 -344 103 -6938 5840 -2906 2489 -9745 -8977 1559 -6275 -6830 -1041 -9136 7752 -5142 -7397 9006 -6202 2140 1826 8516 9562 5812 -5852 406 8850 -2802 -9575 673 -5254 -4273 -2485 1030 -8891 2740 304 -2846 7754 6217 8841 -7944 9236 494 -4749 -9363 -4238 -4186 641 -1194 -8723 6893 -8591 -8067 9063 -3324 3804 6208 -1768 -4185 -1156 318 -5785 4489 -8414 3637 -4038 -2169 4501 5277 3367 594 8790 -93 -1998 8375 -7794 6063 8331 -6751 -9572 5585 6916 -5744 -1479 -5707 -7459
-7141 1559 8250 -1172 -5013 3767 4506 5662 -6351 -5122 6539 877 3648 1356 -8748 -1883 5094 9139 6196 -52 -6875 6813 -7616 1430 -871 464 -162 -9589 -8544 1365 -1828 -140 -7132 -1155 4356 -9095 2482 -7697 -1405 -8572 -3852 7784 -9197 2726 4715 832 3709 -9419 -5945 -9711 -10000 -8900 -446 4527 1263 -9369 761 -2036 1707 7662 -8318 1086 -4061 5446 -2068 7410 -895 -440 -8492 -8025 5855 422 -1001 -8200 -789 3977 9348 -5401 8222 3301 -2291 -1254 -9290 6646 4947 31 8886 -6499 -3289 -4785 8188 -4700 3261 -6986 -6020 9634 -162 -3286 926 2962
6796 5836 1263 6779 -2369 -650 4223 8519 1131 -3641 405 2848 -9577 -8926 3323 -6835 -7425 9664 9523 3085 9881 -1983 -382 -7401 -6205 7406 410 3702 892 5560 -4444 -9242 -1733 3645 -8154 -4850 -6870 375 3041 -3024 4599 2984 5610 1228 8727 7586 1411 1005 3764 3544 6213 9407 -7366 -1659 -4189 -3325 -2528 574 -6014 -2592 745 -5725 580 -2943 -4794 -6059 -2303 4796 -1288 -9783 2458 3120 1318 5443 1233 1871 4570 5238 -672 706 -9079 -5527 1581 -9404 -3397 8685 -9029 -752 1247 3596 2450 6268 -8930 -6726 -5539 -3629 9277 -5441 2999 5897
-1867 355 -1446 -6747 -6966 -473 -3879 9041 -1550 1745 871 8793 8778 -4479 -7383 -6581 9689 4440 -6279 -7260 1980 -5182 3556 -4995 8417 4195 53 -1225 1506 -8786 -35 -5724 536 -3147 8538 9762 6640 4876 -2415 -7291 8280 699 -2733 3617 6831 -9052 9219 -5820 -52 3734 3889 -4672 1899 7032 -8885 -453 -8996 1813 8968 -6624 -610 -9475 7025 8604 -4000 7499 -7859 -796 9889 8406 9084 -2521 5480 -5831 -6472 4459 -2552 5205 2037 7989 8152 -6593 -2542 -772 -6329 7986 7780 -8262 4116 6180 -54 -26 -6557 2648 -8876 4703 -3931 9858 -5578 -6100
-789 -8642 -9109 3960 -4986 -3324 -5753 -3266 -239 3961 -9488 4147 9378 299 5939 -5337 7343 -9252 7065 -5208 4106 4939 -8044 -2491 3945 8630 7451 6303 7992 -5716 6271 -8156 4686 -5838 8363 380 -4261 -5193 7546 -2259 7498 -8789 2612 -2722 -8447 -2816 -7379 -7024 7234 -9861 123 317 4254 -3660 -8153 9396 474 -6650 -7522 -9713 -5359 3913 7733 -6775 8737 -9843 2849 6392 4719 8617 -5389 3273 -5111 -7186 -3976 3632 6499 -5991 5865 2848 -1722 -6865 -9908 -4851 2787 4166 -5506 -8166 -4071 -7533 -7722 -320 -4234 3920 3058 -2486 7538 6922 4756 7898
3480 -4172 1560 6893 -2657 6729 6306 1987 -3726 -5951 -2300 1263 -5110 8874 -235 3227 -5205 -3335 -1749 -9137 -6301 -7563 1084 -1429 6193 -8908 -7951 -4754 9117 -32 2880 -9934 -2076 -9508 5133 -3642 2168 -3194 3535 -3149 -8686 3718 5 -6013 7514 -9942 1421 -378 -9234 2284 6735 -2790 4051 -3338 9506 1040 -3369 -6911 7226 -1045 -6890 -3614 8338 -3929 -3400 2831 9811 9509 2165 9214 -3662 4426 3749 6433 4105 9299 9254 -946 7881 -5080 -1529 -9394 -4895 5443 -9556 -3289 -5921 8710 6403 3409 -1388 5945 -2398 1041 6564 -6685 -1714 -3481 -2566 9562
-4142 7371 5276 -2950 3073 8101 2497 -2947 6700 7694 7260 5986 9760 687 -3953 930 -4481 4866 1370 565 -1991 -943 9182 -8528 -3566 7038 8674 2475 3568 3564 -7403 4445 2661 -5878 522 6084 -5275 -2210 4716 -3910 1504 -6458 -9873 -1554 5456 716 -6515 -6121 7305 5370 -9 -8049 6284 -4810 2999 5469 -2252 -8574 1735 5923 3847 -8225 -2669 -55 6226 2589 3246 3695 -4353 2666 2430 -1246 -6329 8116 4469 2921 3962 746 -6238 -2192 -5520 759 -7179 8524 8913 1803 9711 -4563 -9335 6370 1193 6646 -516 -7219 3560 3681 -561 3246 1902 -6553
-1969 6425 2469 -5134 3957 4340 3767 2241 5515 775 2599 -790 -2039 6415 6029 9860 4954 -5598 6943 -6956 43 -8896 8655 -6912 7627 -4460 -9251 2108 6312 285 4141 -858 5973 4068 -5381 6540 -7958 9826 -2849 -4186 -7711 -8676 8654 1928 3365 6258 6592 -7181 235 -8669 -6972 471 1040 -4506 231 -3264 -3124 -1709 -5941 -4774 -8196 9311 -7941 4072 -7269 -7910 5675 8261 7779 -6852 8701 5850 -3077 5494 2844 -5348 -3535 2104 8290 8909 5850 -5132 -5606 -6162 -8465 897 6196 6398 -7404 9445 -8565 -9533 -8082 -19 -4152 4660 3214 3446 -1202 -7402
2007 1111 -7627 9429 8134 8194 2960 7784 6925 1797 -7466 -1169 -6879 8019 -9112 1201 -1921 -2315 9243 -7397 -9947 -8227 -6520 6622 5772 -4213 4789 -5735 -8786 1840 4574 -3484 1661 -2380 7793 -4508 -1370 -9178 3949 -7366 9950 -4283 -7971 -2917 -8446 47 460 3160 -2926 6393 -5626 7960 3185 8580 -4272 -2544 5466 -1761 5869 2475 9214 -5517 -2766 2837 -2808 5358 4617 -1279 -7472 3905 7112 9383 5419 -4235 -1999 -8869 6863 2410 -5032 -2730 -3851 878 5836 -3378 5468 -271 5103 -1756 4358 -5021 -3416 4338 -7268 9512 -2361 -1466 6641 5056 5247 6814
6825 116 1457 2958 2880 1347 -687 -3149 5463 7148 988 -6978 547 9594 6367 -896 -6321 -9818 1990 5870 -7617 4814 -9461 514 7839 4315 -3769 962 1848 -3325 4693 -2586 320 9231 4412 -5637 -8475 -9209 -7057 519 -4079 -3341 -2848 9922 7781 -1405 9130 725 -1306 359 -2817 -2772 1735 8299 -7696 -65 -7724 2992 -6403 6213 8575 -8220 -6522 3266 -5076 1139 -364 8904 9925 -7361 5323 3360 -2184 -7543 -5363 -2494 -8277 4886 -4417 -5904 101 9953 -6579 -1152 7523 -4649 -627 -1000 612 -1093 9334 -8180 -3838 5414 5821 -8221 6095 -4823 7161 6425
-9842 -5082 2399 -9563 201 1162 -8971 5694 -2665 9330 -36 -9513 -4947 -5201 -8267 902 -2488 771 -4118 -8401 4565 149 3320 3562 -1 -836 -9857 4970 -2210 -2304 6254 4274 -2419 9606 5166 8578 -5124 746 -7203 5868 3400 7267 83 7849 -8521 -8311 6037 3687 2527 -8692 6773 1809 846 -2308 -1745 -76 1681 -4800 -3211 -8793 -3222 -3857 -6196 9048 716 5953 -5967 6206 2424 -2486 5441 -5124 -3556 7388 8275 -775 -7584 -4938 -6150 -3254 8264 1899 2889 -9104 337 317 -9259 -7908 6248 -149 -6613 -833 9647 6713 548 -4665 6823 6612 -6818 -1092
-6765 2295 6142 -4586 -4579 -433 7485 4668 2330 -7414 -4181 -8249 3850 4206 -4475 -2772 3594 -7868 -8413 9379 -9190 3488 -186 -8053 -1158 -7683 -9971 -7616 2913 1120 6911 4422 -3316 1100 -9339 6085 7798 2384 -6500 2038 -5269 5112 -4167 -6584 -1100 -4104 -9646 9122 -191 87 -7415 -5414 -1682 -9555 -5257 -9371 -4734 -9689 -1020 1169 -9525 22 -924 5856 -690 -6329 7020 -3834 -6518 -6399 -4334 2212 -704 2896 1855 -9538 -8829 4755 6497 37 4881 -9333 372 4173 -6742 9510 7847 128 -608 -7113 3990 4208 5196 -4469 -1426 853 9126 4041 8441 -4710
4413 6870 -7014 5162 6087 -9963 6158 3103 5388 3416 -2539 201 -3860 -1935 -3703 450 9998 1270 -2394 8859 7439 9140 3155 -8 840 -7618 8705 -77 -887 -153 388 9043 -6722 2231 -7625 9718 -7211 -6424 -5495 1228 -951 -620 -9340 8741 -868 5731 3486 -6637 -7427 6799 -3998 -6009 2597 -907 -7942 4159 1769 -6906 249 -4972 8245 8585 -3221 9610 -3396 6722 1261 -5028 -2531 -9411 -5702 -4566 -1599 -1801 -9561 -625 -8191 -8392 6593 -9507 -6602 1216 -7063 6428 -4012 1172 -7608 -4203 7654 3753 8988 -5641 1391 -8799 -9372 6999 3511 3964 5999 -1861
-2868 3700 -8059 6022 6732 -2491 8982 3524 -3532 -9666 -9073 581 -5731 -1003 -5108 4932 5690 1977 6170 6869 -9172 2399 -8937 8403 -1765 -3113 -2589 -6564 -2079 9469 4014 8999 -2742 -6487 285 3818 -912 36 7392 -7063 -850 -9323 -8765 8270 4293 -6482 2059 -4805 -8566 7353 5632 8705 -2693 -5898 8827 -557 1590 5753 7511 9590 9822 9261 5035 7030 4863 41 2673 -6888 -6456 5684 -8849 6447 -3736 -3059 -9536 -8653 721 9835 2180 -7774 6818 -1907 -4354 8832 5910 4733 -1349 -7915 7254 9972 -3666 -9241 1212 3531 8574 663 598 8786 -9494 3149
-1975 8299 4586 -3242 9298 -3761 9713 8179 -6860 7914 -4145 -921 1899 4006 -7212 5440 4988 644 9579 -3448 8699 7229 -2809 2665 -5883 -3020 -1905 9345 5620 -2844 2067 -9789 -4062 -2094 4818 147 -8719 -8660 -3155 -9584 -472 1037 -3638 2785 -4122 -2639 2012 -6180 8936 -9507 7053 -6256 -1099 3083 -9355 -5490 -1335 9132 4105 -5581 -889 5646 6941 -8395 -2981 2300 -7128 9154 8210 -810 -9669 7176 7736 -8979 -7641 -399 -9903 7394 -601 -7228 3862 -9038 -2566 -4066 -4452 -8209 -268 2033 -9284 1778 -3880 720 2048 1681 -3228 1071 476 -9994 4099 -3098
7055 2064 7141 -9546 -4274 -3307 9406 6992 -5152 6880 4155 6897 8427 -9866 9212 -8524 -2855 -6127 -7946 -6918 9519 -9858 2662 -3936 3142 2752 -1042 -7245 9190 -309 5421 -799 -6654 2162 -1868 -7189 300 3664 -4336 -8500 -9002 451 -4558 -8361 -4665 8120 510 -2756 6439 -6764 244 -2881 -195 -9357 927 4524 -6518 7802 620 5367 -9521 4776 1836 -704 1761 6655 688 3013 -6264 -8544 -6628 -5062 9121 -7297 -1804 -2115 -2321 -1391 -3739 4764 8932 -9084 6216 7483 5887 4501 -3663 -7328 6964 -233 9367 -4226 -7829 6791 -3375 8157 5466 3656 2848 4542
1790 1214 1106 -6037 1246 -3978 -3963 -6682 -7446 461 8115 9588 3063 -4639 8144 9050 -5200 -8847 -1952 -8271 -7417 -8481 -9054 -4397 -8050 -9741 -7935 4726 -3250 -2972 -1901 -5146 -3511 -5709 7327 -3732 2290 -1962 -2958 5881 -1751 -1831 3683 4514 -2826 8574 -7976 -2865 -8645 9350 -2771 -6346 -3617 -9844 -404 -1970 -7176 4890 7206 5145 4634 -7416 95 1453 -9779 -9536 3272 -6940 3155 -1056 -6939 -4763 602 3389 -3409 -6057 -400 6729 7944 -719 9559 9228 3270 6076 1304 -7528 4715 7094 -8333 7790 7352 127 -4773 8469 7947 8404 182 -5346 -2484 -144
-7989 5488 9920 -8023 -2391 6331 6812 -6370 -617 4299 245 3255 -2908 6148 -1023 -7428 9166 -8750 2734 -8745 -4003 -7827 1321 1329 -9802 806 -3887 8348 4014 5709 -54 -4861 -2117 2596 -2998 -9864 -8848 9887 -6279 -7842 -9212 -5219 6661 -1071 -5822 -9498 4657 2133 -6091 3068 9958 4632 -496 -6865 115 -4472 9421 6737 7784 259 6288 -5116 -3245 -3357 5654 9499 -165 -4626 -2238 8051 760 8044 -1327 -7129 543 6445 5070 -4951 -817 8279 -6406 7389 -8132 8674 80 -5373 -40 -7800 8240 -199 8657 6349 7031 8207 -1819 1709 8797 7522 -518 8060
-6828 4197 -1048 -7093 7782 5749 -674 -2493 -3631 5779 -42 4608 1153 -8501 -2990 -3200 2857 3938 -159 8262 -1944 5091 -2614 -9379 7308 7806 -2476 -2047 -8289 4429 6937 5786 1572 -5394 -5329 6427 -6637 968 -5451 2201 2265 3225 5940 7421 9802 -2820 3353 8423 -441 1329 -5484 -302 7878 4623 2635 1319 -5859 -975 -1350 -1046 7149 -2930 -7905 -6019 -6999 7733 -9579 717 -6613 2846 9038 -5154 -2904 3408 778 8134 8836 -4569 2097 -677 -3923 -5832 -8894 -623 9403 6409 -2734 3772 -8593 7937 1737 7260 -8787 -4132 -9745 -2049 8245 -1096 4167 -4210
4208 -9795 9303 -5695 -8646 1988 2913 2179 9196 650 -9436 4012 -5554 -8320 -3127 -6787 -7267 -3258 -6761 -3210 9513 -5974 4149 7484 -7386 4503 -5063 -6400 -735 -3730 -6451 -7673 8058 1356 -9388 -2476 -8780 7402 -9746 -2419 4768 5365 4492 1353 -1034 8584 -4724 -6006 5655 -1193 -2500 3643 3768 -9803 3991 -1298 7340 -9847 5781 -8921 2045 2567 5531 3683 -3958 7482 4320 2568 -3319 1540 -9031 -5338 160 -8391 2038 -3414 -7135 1292 3163 1380 -5490 -9357 8922 -1291 3807 5719 -5665 -4060 -1069 4060 9004 -2976 -7604 -2717 4281 -5173 124 -7364 8157 -2214
7980 -4810 3767 -9299 1400 5102 7997 7486 -5218 -8657 -2773 5617 -9501 -3867 -9636 -2605 6699 727 -5463 575 -7191 4989 -544 -3829 -5432 4963 -5511 4441 -6352 8344 -6133 812 -6004 -3632 924 -5012 -7504 9408 -8014 9310 45 9162 6929 -8737 -6895 -8072 -9624 -641 -3043 5347 7335 -716 -7974 5080 -1053 1749 8916 -87 -2378 8934 -6824 -2809 -7658 3541 7664 1041 -4879 2557 5628 9125 -8802 -8125 -2932 2081 8074 9522 7505 7298 -5137 -5214 -9686 -6471 8457 8050 2752 -5153 9550 -1938 -7214 -3235 -4769 1940 9625 -7982 -628 -3383 -9042 -7956 8535 -1217
7546 -9429 -6437 8605 -1522 6260 8897 3442 -627 1511 3034 7104 -5091 6551 -1820 8705 -4814 -9423 853 4213 9281 -4172 9700 -866 -2944 -8127 6092 8575 6497 7794 -4615 3271 -9894 -4301 -5408 6136 -6912 2704 4424 5770 -7020 1828 1420 -6288 2323 4313 -4051 -100 -5637 -9404 8278 -3366 -3390 6684 -5175 -17 5304 -6436 4185 4749 6865 3777 -1600 7506 -998 -3421 9248 -7239 9890 -7467 4661 6739 -9683 1560 6733 -7147 2327 -7035 5563 -6162 -9251 -9181 -5964 -3672 -5602 -2365 -5045 8075 5123 6177 -5589 -1711 492 5120 -3939 -3363 -3733 -3068 -7206 4536
-5328 -2518 -5526 1268 -3905 -7550 -114 -8532 -6725 3481 2402 5171 7069 9229 -9642 1291 2913 -3903 632 960 -2403 -3779 -4443 3671 -6073 -768 7520 9296 -2272 7171 -1009 1728 2614 -8534 3870 -5671 -1036 5826 7772 -9981 5337 -4244 1477 -642 2430 2539 -4306 -3047 -916 4522 7916 -7218 164 -5771 -7022 -6784 8444 1550 -7764 6120 9311 3347 3339 2525 -881 7394 65 -1289 -6288 3175 -6614 1852 -4455 4351 -2142 7796 8682 2477 -271 7062 4491 -7436 -107 7671 3481 -7652 -3637 2102 -6636 7861 -2368 5327 7854 -9137 5412 -5567 -3945 -6928 -216 5857
9471 -8591 -8653 -3514 8311 -2811 5689 -7945 -5059 -1660 6674 -3029 8687 -1177 3433 -86 -9030 -9577 5625 -7253 7741 -1186 3210 2612 -4798 990 -7976 -8285 -550 1936 -1261 -5871 -1094 857 5222 1959 6865 1128 3753 -9710 7575 -7002 -6630 1676 1398 -4123 3805 6261 152 9216 6275 -2062 -38 4594 8967 4569 2675 -3280 -9132 -9852 3134 290 -5023 -7336 -5508 1396 9752 -4365 1358 -6185 8765 -1616 326 5144 -8725 -9153 2617 9429 8636 -3056 -9708 514 3277 1878 -9651 3408 -435 -7841 -1395 -2942 7621 4539 4480 -787 6567 6899 4019 8687 -3022 -3819
5998 7513 7257 5938 1556 693 -4293 2818 -9493 5300 1076 4341 -1337 285 -8480 7438 3100 -8757 -3075 9962 -7010 -1764 -2611 -1814 9189 -5771 10000 635 -5211 7144 -2632 -6463 -6990 3196 -7183 -671 -5852 -5332 8735 861 -8529 3541 -9920 9457 4135 -57 7776 -911 -2642 6461 8015 -1624 -6346 6547 7563 2672 1255 -2738 -5199 -6329 -7926 -6313 -7778 -6863 -1494 -4441 -9601 -2010 6468 3559 5967 2074 -1134 -1577 -3309 -9921 5039 -1155 -997 -9609 4910 3041 -9597 627 1 -8262 -4041 -521 9014 -7541 49 1346 4619 -2160 -1803 3342 8208 -4763 4577 -8936
-1330 -9006 3590 189 9445 -3363 -8263 -5103 488 -2532 -3981 -6574 -8529 3889 -7813 -3405 -740 -7880 -3424 5141 2041 9454 -8137 5475 8711 5636 -5037 4802 -7524 2391 5457 -5235 -1779 -8871 -9382 7331 5999 2974 4314 8398 1809 -6538 -9361 1012 -5490 5579 -8091 -2094 -3406 -2582 -2258 -6316 -7810 -7070 6957 8902 -7220 -3873 -1138 7929 -1361 -3672 6105 8505 -6155 3057 624 -9387 4071 7024 5505 -456 6065 -5701 -3338 3008 -6588 -4605 9083 -5772 9748 9797 -2549 9308 2605 457 573 -264 -1723 1291 -1979 -1535 -8693 -1479 6476 1817 -2165 -1105 6979 4769
9288 -3243 -5305 5414 9337 9892 -689 -5791 7425 -9265 -5975 -355 4698 6531 -8361 3581 -1007 -2383 -6446 -9238 -87 -458 -9138 426 741 -4209 -4159 -2295 311 8324 4072 8875 -2964 -6472 3889 -268 3937 5035 -1942 1338 -9528 -7211 5452 -2666 -4621 9764 4538 4320 -689 -389 -242 270 5347 -1960 -7538 -1582 9295 8222 -6064 -584 9676 1820 6073 2017 7645 8517 -5804 665 -3383 4746 9644 8030 5029 7484 5979 -8388 5619 5450 8900 3162 -2476 751 7179 -8540 3532 -9015 -5038 -9732 -5902 8999 6614 -2922 -3417 4781 -5797 -431 -6681 -6152 686 -8285
9310 554 -1924 -1124 1913 -7719 -4230 -9092 5431 -5568 -2781 -8719 -3305 1480 -1301 -2056 -9919 1522 -9086 198 -103 -4539 -2604 -2130 6244 7168 6038 -9989 -2495 -5798 -6803 6196 9372 -2658 -8011 -6392 -6429 -9663 2980 -3985 -2630 -4401 -9025 -2797 5840 7231 -7834 -8373 4283 7394 -8533 6906 -9416 -1444 -7901 -9248 -5428 -7697 3796 1771 -8669 -1239 -8630 6375 322 3715 -4064 -288 7852 1738 -356 -7447 -7697 -3396 -6790 6928 7340 789 -2445 -3665 7657 -4318 8908 8505 4372 2548 -5750 -7479 -9055 348 2538 -6322 5414 9531 8381 1366 3383 3885 -3354 -8056
3489 2936 -252 9849 -3480 -1231 -2872 -6136 -8843 -1368 -3002 1530 -1041 3681 9299 -5691 2500 2187 -9393 4911 479 -1151 7490 -9781 7782 5037 9169 1234 -4660 -6282 3715 -3614 -4604 -9661 7061 -7082 -2158 -7079 -1759 5188 9773 5978 6714 5718 9603 3550 -8122 4538 -2676 3217 8180 -7981 2951 7686 7974 3985 5072 770 -8613 -3430 2062 1871 -846 -8336 7510 1258 -2838 -9243 2487 -2562 -2215 -4472 7866 -6045 -2834 -3123 -7767 9968 -9054 4716 -4346 -8661 1443 -8283 -3411 3200 -558 3257 -7575 -9753 2673 5835 8419 -8938 3100 7603 9225 4518 9161 -3919
214 626 -4680 -8305 6939 -7727 -7555 7253 3174 -2433 -1841 -2138 -3020 -4890 -9289 -4876 8654 8010 7579 7839 746 3364 8994 3615 -3458 -5324 -6373 7637 4257 9157 -5058 -4748 7205 1601 -8962 -559 -2856 2564 1596 -251 3045 5055 2699 -5831 8292 -5865 -6160 4409 -121 3710 -6663 1086 4251 -8272 -7149 -287 3300 -7121 -9478 8489 -3481 -5605 4945 -2517 -7574 1289 1428 -8475 1269 -341 8099 -4862 -3240 -8266 6109 1955 -4161 -2084 -1332 4011 -8854 -6271 1979 -1953 830 -1360 9768 7401 4591 1667 6029 -544 7943 4758 -9204 -654 -8124 -9011 -9663 7720
5205 -8722 -2207 1674 2524 6086 -1187 -3964 -2472 -4628 139 -4069 943 -7278 -817 9041 2265 4790 5429 -5720 -8907 5656 -9692 9308 3473 -585 7546 -2727 787 2916 83 7594 -9898 -5979 -4779 7145 4040 5911 7457 -3774 -4300 7116 2861 -4020 -4803 5762 -9210 6085 4825 -7759 107 -4908 2234 -846 7373 -4217 8818 3219 -2079 -4436 3399 3105 -907 5554 -1360 -9176 -7602 -3363 -1374 -3894 1812 154 -5784 3162 8188 -9406 -4251 -3343 4613 3221 8867 -8349 6201 -4860 514 -5578 -3772 3161 4607 -1427 2117 8360 -2176 -97 3986 2043 -3000 -3720 -6896 8878
-1543 -1610 3290 3204 8097 7179 -1723 -4323 7422 1666 -3385 8455 -56 101 -9639 -6289 -8718 -4734 2866 -4700 2197 2516 -6414 -5829 -8629 5009 -2016 -7596 5198 -494 8686 -1689 -3069 -2616 3135 2427 1251 -4291 -6465 3630 3287 -9180 7439 -3844 4927 7075 -5414 -7263 -1872 2593 -5758 -713 794 1257 2 -5778 2946 -6824 7997 -6999 5130 -106 9492 5785 -6903 9111 -104 -9980 -2114 -7455 -2851 -9821 1355 9151 1424 -6659 1638 -1583 2864 -1345 -3900 -843 -1491 -7398 8176 -7762 -7146 -8290 -2236 1356 616 5042 2538 -1934 3844 8331 1900 8904 -5087 7621
4379 -4938 -6930 9075 9714 4126 1267 -3118 959 -6943 -3743 -9495 8516 -2278 4388 -6082 -4139 2482 1710 -1734 -2290 -10 -646 6988 -4980 -7382 3974 -9831 -3315 3684 9558 -260 8986 -8852 -1778 -3523 -9220 -2732 6355 5752 2712 8224 -221 -7266 461 7327 -6966 9485 -476 -4955 8610 1345 -1614 2775 6737 -1644 268 -5543 -1681 5841 -380 -5392 7997 -3135 2267 6515 3018 -4512 -1044 645 781 1959 -7805 -2714 1043 743 4289 -4683 -3062 -7524 -9823 -7707 -2825 3692 2072 4224 -7731 6869 3715 9754 -5341 6684 845 4337 -2553 -5898 -4169 -1739 686 8191
