100	100
-5629 -9115 4007 6167 -254 -8017 -1882 6701 7486 9881 -9353 9084 -5809 -3360 7875 6226 -7478 -9664 -1925 -7626 7749 2885 6435 -1599 7255 5240 -5433 8234 -4150 6048 4104 -9711 -9411 3375 7628 -5203 -3446 7023 -2292 -7628 8115 1926 2046 -5356 2010 -8480 8777 3357 -5927 -4332 6181 -7536 1729 6303 -9805 8334 -6811 1186 1305 -7419 -4611 -626 7209 4 -457 7940 -6613 2183 -6944 -4644 6700 -5806 8990 -9962 3501 -9329 -9435 4862 -9917 -7997 4874 -2509 7639 -171 1683 -6279 -5321 4298 -5176 -1942 3248 6531 -2923 9086 -6753 5733 -9947 -6722 -1222 3021
7164 2155 -3528 3173 7745 -3558 -1410 -3199 -8760 583 7816 -2887 -2227 -1306 -8019 137 3754 5174 -3566 3142 5865 6494 -4157 -158 353 2032 484 -2866 -7077 -188 1661 -5328 7204 -4383 -2087 7384 -357 -752 -3048 -9771 3889 -4447 3001 -1941 -8033 8128 -7269 9413 9647 9502 9212 -5371 5461 8703 -451 6849 -6564 -6606 6194 -9967 3480 -4237 -6599 6111 -8609 9038 7354 -9428 -5685 -3383 9178 -3243 -7084 -2589 7453 5381 2742 3690 -6808 9577 9488 -6688 3769 -2461 -7527 -2176 -9903 703 -9760 6095 -5514 9161 -2518 -9885 6169 -9550 -9025 -4699 6422 -6269
9831 -5818 9642 7682 725 5482 8825 -4440 4204 5862 -2895 1890 9287 5849 3007 -3451 -3251 3725 7881 -449 -3796 200 -9608 -5593 -6291 -3356 -160 5315 8834 7007 9234 -6452 8809 7660 4716 8525 -9617 -2485 6721 7879 9679 4816 -3913 3554 -7641 5176 8844 -2609 -7787 2301 -2536 6693 -757 -7254 7957 6689 -8428 -3495 3227 -3747 3677 4710 5164 -824 -2823 5849 8910 -6867 6133 8903 3834 6045 -2276 -14 8975 2444 -4968 -177 8272 -9962 -2379 -9245 4464 350 -6601 -3809 -3943 -5067 -5515 4589 -1375 -392 -3194 1310 -4509 4984 5572 -3131 8671 7751
-1264 -4388 1384 6798 -9414 5037 -8227 -2382 -4510 -3719 -7344 636 8370 -9959 4677 -3098 -3656 -1153 -6544 -5490 4208 8814 4029 3323 8735 3557 4135 5923 9779 6694 -7496 -2632 723 7415 -1451 -4792 6487 -2396 -2611 5923 6833 9832 -5406 -4023 2842 6808 -1275 -2996 752 7881 3123 -1314 -459 -137 6624 7376 -8577 -3273 -5516 3084 -2654 -6563 -6009 3887 2967 -1736 7278 -8064 1592 -7584 8383 -5414 -4947 -6277 -9639 7317 -3920 -1967 -9040 -3168 8778 -9310 -3413 5461 -9406 -4533 8250 8942 4192 8710 6910 3813 6281 -449 -8807 -977 243 5538 -3937 1575
-2907 -4217 3390 1422 -467 -108 960 6597 -9741 7512 -8365 3281 4610 -3111 8535 -2381 19 -1768 -345 -3622 5835 -3231 -758 3406 -5705 -7946 3919 5567 5080 3581 -6863 -9653 -8559 -723 -7650 -958 522 6022 -5447 -3531 -8443 -612 -777 -3209 -6101 -8631 -7572 6218 5266 -2114 -2377 -2145 3118 -3940 -8829 2765 -6749 -4125 -4339 9617 -8290 -4115 907 -7924 -9067 4428 -1911 7199 -2578 3958 7508 -4779 -380 -426 -1283 -6438 -3792 -4192 5606 9445 2810 7940 7336 -7322 -2052 -6537 -2322 -1308 3734 3027 -4681 -6453 -4798 9844 8848 -4016 3423 9505 -2671 -4655
-1092 3009 8803 -6942 6170 7430 -9716 -7944 7358 -4292 5118 -8547 -4129 -7706 7525 -1539 -3928 2583 7058 -2234 -8940 -3899 9887 4805 -1286 -6521 -68 8018 -741 1172 -7991 -8115 -4466 3191 -1623 -3021 3840 -2932 1331 206 -6735 -9522 -6686 7327 -3363 818 -2925 9487 -8051 -3556 -9384 287 7287 722 3258 9954 3892 2809 -1424 -1734 2383 930 3513 -2873 -3776 -3025 -8748 2154 4474 3148 4832 -2797 -2353 -2595 5331 4673 -4793 2691 -457 3818 -8259 8977 5511 -6516 -8154 -2923 -3562 2322 -128 -2764 5324 6087 -1291 -8760 7310 -6233 -1917 -2836 -6283 4912
4047 -7996 7843 8306 -7069 1652 -5114 -943 -7217 2605 -6159 -9661 -784 -217 663 6557 -2747 -8500 8719 -167 8023 -6320 -7454 -4905 -8698 -3063 2705 -9599 3268 5735 -7740 6477 -9711 6360 -4742 -4495 2971 -9457 4820 -553 6095 1352 -6167 5596 -9090 -7890 -2361 -3608 1721 -6032 7954 6783 8278 -643 -3276 2406 -9045 7347 -8860 -679 -9445 4259 -3564 -4178 -8189 -9771 -8071 2107 395 564 6251 -4134 7553 -7929 1989 3431 -8431 -5529 -7570 -8224 -2517 7560 -1887 -4375 -31 5746 833 2758 1514 5388 8613 -1643 -383 -5301 -2843 4228 -5226 -2738 -2223 7738
-6076 33 -3563 -8049 -4868 7464 -2885 9862 -9026 -43 9027 -7257 2142 -239 6165 6041 -5503 -5928 -6096 -6783 -9637 -7676 -34 -9913 7942 2254 8353 -8438 9344 -18 -2122 -7902 6281 4055 356 5803 9184 -9009 -4852 3122 1300 -2766 1680 -199 442 -5249 -6013 4694 -7682 -4029 4790 -7713 -81 8375 6874 -2150 4623 1731 4141 -2624 3496 -3810 9991 -5115 -4787 -7695 -8501 -122 6147 -8027 -5433 8319 1069 618 6929 -1013 5217 3923 -3753 9972 6060 -9128 -1755 -6115 -3604 1466 -6138 3545 -8002 -4947 6305 -8625 6607 743 -7610 -9475 -8056 9913 -4431 4209
-6957 -934 5484 -5589 9912 -9845 -2969 -8418 -4145 5736 -9662 -2330 9225 -8900 1821 3499 -2245 1502 -2755 8627 3317 -1799 2961 9297 -2799 8281 9007 -3514 7853 -9472 -6611 6565 -1487 -3058 -6203 5135 -1504 9924 -6999 -5742 1205 -1654 -601 -5361 -9732 -7281 -3499 -3249 5349 4643 8681 9508 -114 -3833 -2701 7300 -8574 -8983 5257 -6932 -8738 5814 8054 6261 -4430 -1414 8170 2386 -6766 -1997 -9712 -9988 957 -1250 -2374 -7860 -6676 4655 8785 3878 -2250 4976 -8366 -8223 -1993 -6267 -8752 -4859 7019 -2473 3337 -2277 -7952 -7862 -2552 -1303 6093 2353 7058 2007
-8004 209 5547 -4073 -6244 -5810 -9301 -74 1352 -6396 2956 -8118 3319 1849 9286 6619 751 -1533 4156 6238 -1280 4064 -9329 4129 -5403 7832 353 -1260 2788 4375 9102 -6668 2736 -5156 -8596 2916 1565 -8229 -7993 3520 -6782 8849 -8661 -7510 1515 -6060 4593 -6028 -7374 -6987 -6781 -8839 -7953 -2156 5606 1863 -8024 -2850 -2255 1502 -7502 -7087 3796 7707 -2583 -7178 5398 6813 7872 7087 -2087 -2047 8372 2888 1239 -2021 -2342 7869 2187 6555 -5241 -274 9170 7788 -5706 885 2050 7614 -9664 -6496 -26 7077 2312 8947 912 -5668 3927 9154 -6571 4552
2087 5206 -4939 3290 -5128 2369 7320 -7089 -5144 -92 -2178 -9449 -9126 9704 -4297 270 -3427 1294 5074 -3444 -2146 -3089 -2275 758 -1231 4291 -5596 2177 7628 -4446 3542 3247 6785 5283 1162 3131 6712 -480 5773 -5452 4229 3408 -5670 1424 3756 7285 -3683 9983 2663 4675 2365 3586 3110 5146 8689 -6190 -5689 -1803 -3809 -2846 -9696 3952 8651 -536 7861 9344 1133 1836 5029 -2061 -8603 -2500 -9184 876 4912 4884 2465 -2503 8025 -9471 -4988 -936 -1269 -9945 9352 4734 274 5223 -8195 3210 -1405 -4281 3569 -1189 9065 2237 6635 -4018 6216 -2904
-6088 1150 6819 4496 9240 -3441 -5 8081 -2999 -8822 -4246 -3838 5107 3888 -4827 5808 -78 9048 1523 -9742 -6088 7029 -7958 -308 -2205 -5571 8537 -3819 -3311 -8859 -9944 8910 7657 -4721 -5933 3250 -8375 8209 -4385 -1570 -1227 -6683 -1954 -9974 8737 9896 -2014 251 -845 -9037 -5028 2558 -4420 -1006 6666 1384 -72 -8530 3374 -8468 -110 -5551 7935 6748 7271 6899 6595 -9253 -2982 -1046 -418 517 -3476 8239 -2742 6999 9950 -2625 -1565 -9694 -7331 209 4354 4394 9707 6641 9649 -1451 7619 6702 -7821 6986 -8828 -3439 2641 1288 -1368 2408 -4226 7095
6783 2180 999 -1393 -3125 9184 -4272 -2391 -9942 -8494 8534 -4148 -1559 -9082 -2204 9604 4224 -4864 -2024 1553 2001 5334 -4744 -125 -3335 -9880 -6751 3086 -2701 6405 -7983 -247 -295 5157 -7331 8816 9791 7080 -6447 5899 -8050 168 -9801 -5478 2982 8456 2832 -8578 -1358 -7221 4309 5283 713 461 3853 6827 3953 -4157 -1466 8708 5349 5128 -2412 -7675 -256 8765 9985 -8463 -9353 -4107 -3501 -7166 6116 5814 417 -7158 4000 4317 -3019 -5958 -101 -2234 3387 979 6022 7214 -3920 1171 -6003 300 -8197 -9041 -9962 -5852 -1037 -304 -5870 -3377 -9819 -9398
4328 -9808 9556 -9146 -1085 5241 -1558 -9495 3552 5670 -1357 6836 -7245 1681 -3815 8625 6811 -4779 -2472 -8240 -1683 1518 -9215 -2484 -7745 -7909 9211 5604 -2017 -1155 3706 6836 307 -622 9513 2033 8112 8444 2235 7995 7140 -2491 9997 -4861 -2679 8597 8504 -8409 -825 -2001 -7464 5802 6296 2244 1701 1475 -5646 2859 -2830 9133 -4128 7123 -5863 1503 7907 -5596 836 4501 1877 -1618 -8971 -3492 7269 9266 -8385 5449 6124 -420 194 5859 -2664 -5966 -729 -9726 -3710 6583 -8329 -1832 -2951 6466 9833 -210 6662 -3829 7897 8397 80 4973 -221 7780
-3313 -2578 8310 -1087 5675 -7771 -4705 -123 4690 9572 5483 -1342 8946 7966 8355 4252 -211 6308 -7187 4572 -7970 6443 -740 -6282 -9250 -3265 8397 2229 -9057 -5859 -1652 -95 -8651 1341 -9263 9473 3067 2636 -720 -3637 -8438 -4402 1615 -8073 -1209 4665 1722 7622 -3334 -4070 7789 -1972 -1397 -7333 -6119 2862 122 6884 2905 -528 -2046 -9703 1106 -9371 -4169 2905 -2367 4606 9222 -5741 -2642 8445 4803 -5684 1534 1348 2821 2266 646 7768 -1339 -1400 -949 9634 8980 -5197 7402 -976 7482 -7792 -3288 1953 4550 2323 6658 8952 -737 2473 1886 3405
-7049 8870 9609 5542 9105 1451 -194 8276 2423 -6500 -2863 3362 7979 5797 6867 -2555 1769 -500 -5508 -3891 -297 -4273 -9696 -7804 7976 7655 -4022 136 7739 -3252 -5158 -94 -6229 -1660 4894 4446 -2531 -4360 -1999 -4359 -9099 -7608 -254 5422 -4112 7262 -2366 -4540 5444 -2816 -2314 8535 7147 -6984 -5874 -8715 6339 5009 8018 -4420 8700 5098 4620 4105 -1846 -877 4318 -7029 -2049 5808 9006 -5712 -2416 -2407 1433 3448 -5576 1716 -90 3031 -2565 7358 -6161 7643 -3067 145 -7718 7945 9543 1259 -8177 1464 -3948 -2249 -3983 3268 3659 -1822 -7581 -5733
-5752 -1919 -7530 514 -5885 -3658 -8587 -370 8111 -8877 -4858 5543 3338 -9925 5927 -8892 2888 3834 -4018 3995 -2020 -2232 -5432 8884 -7679 3748 8077 6755 5255 -3258 6692 7074 -1205 -391 -2596 1120 -2032 -6925 2999 4827 8205 2228 7239 6923 1290 4055 4501 -1122 2548 -5311 4954 9123 -1541 3987 -4014 3498 5393 -6430 6223 -4336 4400 -95 -5989 9767 92 4026 6608 3618 -5957 -3637 372 5780 -340 9597 1505 5032 1904 4417 -9993 6912 1247 -9233 1022 -3298 3962 7634 -8498 2847 8764 1007 6005 -5593 471 561 -2590 7668 -2588 6296 -3970 -2418
-3926 -6626 -9567 -3412 7434 -7865 3598 -8879 3881 -1586 8544 2318 -3626 -6071 -4135 -3888 -8806 8934 3372 -3415 2755 -8065 5782 6156 -1626 9561 7723 -3170 3995 -7662 9167 289 5379 -3965 7029 3401 -4558 -7020 -7078 2973 6650 986 8236 -9674 2275 -1657 -9837 8700 7744 -803 5677 7994 9623 8653 -5427 8895 -4505 9573 -9239 3438 -5276 -7375 7821 -2108 -1098 1670 5192 9598 2815 8339 -7187 6573 127 -5873 -8267 8585 -4147 -8171 -4839 -5138 -569 -2746 1945 -5064 -6963 8277 8416 5574 -2584 4303 -7016 8457 -4300 -4908 3451 9643 7362 -4979 -7189 -5237
2455 -3121 8438 1022 -5647 -8345 -6255 2519 198 2455 -6190 -4509 2256 1533 -884 -8904 4109 -5820 2367 7227 -8915 9390 -6952 2386 3996 -5224 4361 626 -7475 -9060 9839 8895 5091 7313 9563 -2853 8931 -3280 681 -553 -2440 4268 -1080 -1436 996 -9169 -2455 2990 -1000 -7098 -2889 3937 -2960 -1447 -205 8109 4017 -4452 -8983 1350 -7603 -7864 -3496 -5122 -800 -8577 -8544 3899 -8647 5416 -950 -3823 -2316 3094 2934 6016 1075 9041 5960 9187 -4463 9629 8705 -144 -8071 4055 9270 8147 15 221 -4964 2309 -1477 406 5138 9512 -9804 -2353 -709 -8887
-1376 -2946 5783 -3549 6464 3530 -6149 -4311 -9050 -4378 6487 -989 -9976 2048 1727 -4419 -336 -5177 -4902 -2343 2788 3863 -4259 -5367 5296 -7478 1330 -4639 -9294 -3864 -762 7370 -6110 -4716 157 -3542 -7621 -3247 -5917 -7886 1770 -8824 -5124 -1581 7816 5960 4051 -7090 2959 9523 -1064 4207 6251 1172 -8002 8349 4108 -6641 -2766 -4185 -3560 1716 6498 -1973 491 -2377 4034 4745 1120 -4978 -725 -3389 7451 5573 -4480 -3084 8103 8737 -5712 1145 -6006 -1153 2758 7848 -73 -477 -9325 -1228 -4065 7569 -3729 9278 -9869 -5749 -1866 413 9549 -2245 -9800 9430
-2538 -5755 -2984 -7834 3674 -2501 -4697 -3099 -7705 -8245 -9639 -4986 -6434 6358 -6008 1681 -2208 6696 -3276 -4089 5645 -9234 8792 -2038 5293 5288 4627 -381 -1929 -787 -2629 -627 3361 1824 721 -7689 8396 -3436 -5340 7232 6686 4464 7280 -4563 -311 -728 -8143 7458 -7847 7473 -6932 2201 5210 -8493 -555 4724 9933 745 -6975 -3048 -676 -333 -8997 2286 -5143 -2845 4785 295 -2023 7650 5287 984 9705 -2318 4550 9962 -5465 -7960 -3298 -2308 -82 6129 3106 -3077 566 -9759 -7571 2306 -3422 550 8699 4830 8357 -1535 6159 7769 -2651 2886 6735 6111
4581 -9606 -9857 -3212 6619 -6 8008 9445 8657 636 -8017 -2480 8222 -8474 -7111 9791 9243 6565 2207 6709 4054 2780 1038 -519 8550 -5706 -2420 8574 848 -6840 1693 669 -4458 -5306 -9870 4869 9064 8545 -8655 3078 9346 7491 -5733 -9346 6740 7746 4866 -6524 4223 -7421 4149 -4683 -2586 1143 -6781 1958 -9137 -3355 6526 2890 -6863 -8858 -7932 344 -8471 1385 -9653 -3285 983 9584 -2387 146 469 6217 224 2469 2216 -7704 -429 8147 -8191 -5159 7944 4599 1310 -6736 -6637 -3148 9240 -5775 1450 2706 -1477 9008 -3822 9234 1818 -3755 7969 -5187
5654 -5745 -882 8547 -5819 -5947 -2029 -5609 -3771 -6333 -3054 -1604 -1773 7316 -7630 -3871 7814 9771 -4086 2311 -5657 -8141 4176 -951 -5401 1008 8299 -1319 -4405 2987 1243 171 5306 6268 8928 1678 3266 -9110 8103 -3399 -7691 8537 4053 2367 -8945 429 3106 -7845 443 -4974 3153 235 -5707 -1694 5420 -2570 -5360 9327 -3492 -4387 5481 8253 1790 -3487 -667 -1502 1013 -4433 -2485 -8860 9464 -5841 -3830 -7647 -4018 -6639 -2012 4835 8240 -7318 9827 -3076 -3968 268 970 128 -1152 9662 -4853 1596 -9902 -291 -2536 2208 7013 -764 713 -3812 9897 2590
1881 -3991 -3637 1084 -6430 -7203 -5809 3134 5193 3616 -2117 2449 7859 8703 4671 9542 4053 290 3307 7928 2389 -4789 8888 7537 -775 2829 -1561 5976 9483 4526 2239 -9044 4615 -2142 43 -9808 -1516 5564 -3645 2525 6400 4973 -1579 6134 -839 3870 2415 -6324 -401 -938 -676 -37 1444 -9284 -7241 -1875 4564 6542 -5502 7781 6803 -7264 3297 -2150 4836 9773 769 4080 -1390 480 -4262 -6768 5989 8398 -1835 5934 2860 -190 -3318 2892 9471 -4680 7677 7286 7830 -6755 -279 -6001 489 9209 -67 1029 6942 1205 -4461 -5028 1907 -14 -9532 5454
5789 490 7429 3594 5079 -3422 3901 -548 -9879 -5191 9926 7026 9369 9360 8188 2395 4864 4904 -7604 7579 8094 -4564 -1170 3883 -8888 -4645 -1983 8014 -4159 -1336 -1136 8864 -6399 4651 -2338 -9684 9035 3544 -4351 4801 7202 -5117 450 9011 1660 6505 -7973 -875 -8848 512 -6286 -4275 4769 7327 6450 7156 -4134 -5140 7181 -1594 2114 -7390 5168 5874 -9943 237 -1364 2223 -316 7360 -1192 5508 7260 -7430 4130 7860 -4142 -7319 2453 1096 614 1275 -6193 161 -5093 -7210 -7177 1999 -5886 4849 562 -2452 -6307 -40 3513 6276 4315 3165 -3427 -7628
-2674 -7614 3000 -1793 -4792 3454 -6978 -3269 -4963 -3589 6395 6765 5084 -612 -4959 6349 6103 4519 6630 -3858 1837 -2304 6186 -2637 8947 -6639 3341 -4366 -2223 -3424 4741 -4722 -1872 1845 -9698 1661 4193 334 -9922 9146 3412 721 -814 -8280 1527 6074 -6841 -9374 8272 -1706 9675 7347 659 -8772 9490 -828 2685 -5732 -384 5927 1965 7900 5089 -2860 -8361 4375 6696 -6957 4258 -3016 1725 1476 9756 -355 6214 -8205 1320 7354 -61 -7029 9339 -9759 7594 -3795 -91 5636 -1072 6368 8717 -3129 -8410 2242 3871 -3767 -2669 -1194 7891 -7892 6950 2674
9594 -5823 5543 7024 9586 2835 690 -3196 -3551 -8773 -5183 3430 -9369 -967 9514 -6383 8406 2177 5232 6023 -221 -1822 9122 -7089 422 -9416 -1883 -7951 2718 -4471 6919 -9050 3157 -8197 7767 4240 6051 -2748 9429 1343 5048 1741 -4008 -6347 -5055 -9748 -5132 5857 9463 -265 -5394 -2490 -1182 4478 -6211 8063 -3035 9437 -1410 8935 -6079 1844 -4229 8604 7777 -9130 -6516 825 -481 39 2197 9578 869 2807 -9360 6807 3811 9517 2538 9613 -8546 -9053 8665 -9913 9528 -3646 -490 -9498 -6295 -647 6305 -2458 343 6905 9043 -2992 -5882 437 842 1239
-4280 2619 -7627 -2882 -4515 8047 7114 -7900 -8115 7096 -4275 -3635 -8077 -8306 -5950 -8754 2445 -8854 5543 9262 -6091 5637 -5766 2538 -1893 4027 2694 5459 2638 -2058 -1687 4550 -2274 -3705 5760 9526 2754 -594 -6466 -9904 -7408 -8485 1397 -6307 -5873 5634 6152 9435 3862 -6380 7814 3061 -8026 -4465 4407 -8507 -8750 -7348 -9919 3081 -3420 -2465 -3423 -9860 5645 6547 5485 -4803 9248 6635 -8024 -9740 -6271 -2296 5666 1072 -3982 -6026 6717 -9673 -3774 5041 9979 7646 2198 6977 -2975 -6386 -8706 2870 7411 -250 -350 6666 6521 2229 9844 2118 8052 -3471
-2465 -7414 9006 6441 3329 -9210 9379 -1282 -9299 -2698 -8978 4051 8823 2747 9117 -5911 6850 5167 6167 -8377 5611 8617 8108 -1500 -5457 5852 -9364 -1127 446 -207 -1619 6889 -5010 3804 5067 5065 2821 7961 1717 5683 2096 -2337 -3119 -9475 -3247 1521 -5315 -6593 1024 6862 1710 -4635 -2805 -7750 2786 3508 3998 5596 -4566 -2509 2168 8451 -4730 4556 8103 -5362 -4082 -5859 3054 8097 9848 -3397 -563 -3022 6961 -6956 -9522 -6885 2858 6589 -6863 6456 8274 935 239 -375 -9907 -5178 2973 -4595 -2539 -4267 852 7541 8482 4753 3113 3490 -386 -9417
-6604 -4354 1230 -3731 318 -3471 -9273 6294 -9785 -2949 -8641 4689 1914 -2207 2676 -1947 -5700 -9192 2097 2653 4221 -6200 7439 8659 -8936 5376 1658 -7925 4682 -6819 -9018 -1153 -8760 1448 6485 -1456 7779 2929 -5392 9100 -4897 1250 7609 -1862 6484 2496 3719 -8149 -4803 -3121 1602 2780 9827 5747 8360 337 223 618 -3327 5677 353 -12 3155 4194 6532 1350 6174 -1995 -5824 -4469 -3610 -6342 9339 8125 -3629 -3559 -4020 -4716 -3676 6963 -6206 8022 4390 -3586 9599 2878 -4032 244 -9713 612 -7804 779 -2162 -8158 5547 -9247 -3910 -9545 8666 -5323
5039 -523 -8860 -8179 -4302 -9958 -4390 -7841 -6541 2928 2264 -7661 -7981 -8043 -9985 6400 -8368 -6918 1706 3141 -1548 -9041 -266 -1156 -4825 6018 5698 2058 3078 3640 8229 -1687 7554 2770 -3898 8925 -8106 3328 800 5287 -2138 7758 -4711 -8847 -3408 4041 5617 -6253 -4038 9478 2551 -7788 -2353 7337 -5107 -4505 4106 -106 6896 6912 6411 7494 7143 8975 -7264 2204 -6226 -88 6135 2409 -1898 -872 -6911 -3833 1929 -6611 -3926 9004 8890 -2638 -315 -3958 8054 8658 -4849 9226 382 7503 -4998 5274 -3675 6139 -4058 7630 1012 -4158 -1790 -8777 9036 9699
-6119 -2494 -5054 -4722 6728 -8365 -1256 -7908 -4092 7555 7096 -1580 -1212 -9915 4372 2115 -478 -9748 7716 -9595 -1723 -8205 -1949 5927 -8714 -7981 -3661 8715 -4511 -2276 3846 5513 8462 -5561 -5272 3202 7528 -1991 2059 855 4643 5905 3579 -9166 4845 5742 9355 9056 -6520 -7311 -8681 4192 8920 474 -9252 -9386 -5844 2181 -15 -3805 -9754 -6339 5879 -9302 879 156 -454 -888 1817 9222 1241 -6298 -1755 -9631 4892 8775 4746 6375 -7177 -7542 -4752 77 -1598 -29 6220 3921 -8 -6554 3585 5627 1416 -9906 -2472 -8226 -3988 -4677 1587 4498 8361 -6415
-200 -9092 -692 -6453 2468 -7838 5069 8747 -994 1513 -9810 425 -3123 -2047 -3295 7692 1669 -2048 2853 7245 9949 4578 966 6319 9771 -2829 -6743 1945 2754 -6706 6877 2233 8845 8357 5874 -9594 -4475 6146 -2044 9266 5393 -5801 9103 214 -232 -4463 -6617 5565 -8225 2863 -3811 -9407 -2430 -8682 -2215 -8886 -2216 4263 -4619 8438 8179 1637 4454 5217 9393 -2415 9838 3194 -5081 6877 1241 9642 3181 7770 -3818 6258 -5375 6694 8194 1463 2643 -7787 2957 9721 4840 -6800 7218 -7806 3314 -6340 -3845 5714 -5808 -8411 1824 -7947 -2174 -2640 6951 -8666
1829 -3655 3101 -7615 3529 3581 2802 -2824 -9265 -2831 1909 6299 1011 -128 -6884 3018 -5597 -3289 -8685 4263 2533 -8614 9478 9592 -8552 7206 4870 9046 -2202 -6515 4799 3995 -6360 -4391 -7894 2230 -2573 3464 7988 -5288 -6604 -4183 -4968 7496 -8944 -908 -2652 9137 4718 -6523 5766 9717 8642 1261 -5684 6330 -5967 -1378 -2641 -2407 -3987 -9015 -8381 8594 249 -5453 -2130 -6364 70 8953 9619 -1767 -4973 -7330 4589 8654 -8786 8993 -3296 -609 -3144 -4741 -1384 -9966 -7297 5653 -6528 1401 -756 9838 9329 7151 -9739 3685 1323 3570 7653 2655 557 1278
5379 -9575 -82 4002 5226 -3936 169 -9506 5861 -1754 4903 2086 -6087 1488 6303 9840 6587 -6679 3280 9375 4297 2232 9372 6498 9678 -6262 -161 7768 9178 8314 5099 -3682 5746 3422 -7739 -3471 9113 9980 -4415 -7813 -373 1676 3214 114 9151 -3511 3800 4083 -18 7500 -1555 7124 7318 4612 -2349 6143 -2094 3038 -9099 2030 -645 5999 -522 -737 -7995 1238 1337 -4880 4848 7448 -3987 -882 9794 -5813 -3773 -3084 -5259 -8629 484 -4050 -9342 2197 725 -7088 -1111 8794 3841 -9678 -7497 -7277 5308 -3359 8250 602 8037 -9076 8726 5631 -1160 8077
6348 5148 5548 5520 683 1839 2066 3485 5333 1923 2806 3179 6435 -5712 3655 3904 -9519 -6084 9872 3323 -3734 -1283 3009 -1938 -4396 -565 -5572 4036 -4082 -9960 3466 1621 2332 5451 6298 -9105 4286 7582 5049 1879 4993 5669 1910 361 1914 -8193 -5626 -1021 -8484 3158 1325 5452 -1923 5072 9414 -2941 -1733 6983 -2973 -6095 -817 3765 -6696 -6517 6436 -1920 4950 -7124 7632 -2863 -182 5777 -6545 -7522 -8608 -7841 -7724 -58 -3051 4989 9495 7522 5722 -6884 2450 -7652 -7959 -3306 3874 6420 1804 7265 548 3624 9664 -3403 -3116 -2532 2045 -3753
-6968 -4162 -7206 -8692 -9222 8861 6855 -4097 -798 412 -7720 3203 -5738 -6478 1513 -8035 3400 -9857 -6534 2732 -553 -9498 -501 -121 -3007 -7418 -5471 3851 4905 -2578 1414 -3500 5393 3313 -6598 -9786 -5416 4533 2838 4354 -5451 -37 -8164 5250 6233 5990 7604 -1943 1046 -3255 -6393 -7598 3175 5583 9855 7778 6657 3646 -2768 6785 -6241 -933 -7651 2288 -3069 -8489 7544 -3746 2224 -1730 9127 1929 -1146 7065 -8713 -9140 4633 -8139 6581 3760 -3584 -9785 -3076 5280 -8081 3372 -2931 5021 -836 430 2198 -7382 3588 5968 -7552 -6662 -7909 5243 -3778 -950
8702 6956 4724 1195 3262 1731 1250 5342 -2157 2379 1911 4045 -7842 6885 -6688 -2126 4634 5673 -7972 9189 5982 135 -1117 -382 5771 6264 8878 592 -8429 -8479 3600 -1023 2023 1976 8592 9982 -2171 8201 -2411 5582 6010 -8170 4258 -8356 8379 8780 -6961 -9965 -5611 6889 422 -8262 6037 9935 -6584 -6958 430 -5258 -8327 -273 8610 -6091 -1655 1981 2982 -7355 9938 -5099 643 587 3938 -9079 9152 5701 -4816 -1119 7509 -3897 4079 -6519 5417 -6741 857 67 -5498 7763 -4193 -151 -6824 5681 -8376 3753 6040 8722 7514 2815 -2192 -4724 -8026 6767
1380 5381 -4578 5711 -2933 -5093 1759 -4073 -9501 9230 5974 6714 9528 -1950 2733 -3059 1892 -3161 -8095 -5333 1427 5171 9616 2836 8811 -496 5820 -6846 380 -9801 -9103 -8032 -6386 1013 4407 -5345 9287 -6595 -6072 2535 9185 -4876 2419 -651 3256 5894 -4718 1578 8113 2548 -3066 6419 -1008 5436 3602 4158 -187 7847 1361 6607 1018 -4734 4597 -3538 -7915 3946 887 -1513 9865 1479 5961 -4993 -9353 4856 -3721 -7815 7792 9711 3360 7551 -4804 -720 -8530 6953 9311 -2202 7352 -5204 6306 7439 -4892 -519 524 -2133 1177 5319 5915 -7994 9567 4880
7019 -5127 -3451 -8391 2463 -1212 -6283 -1834 -1133 -1316 5263 -5227 7659 -8449 4304 -9420 -3334 3531 -6436 -537 -2661 -9724 -6986 -8866 7951 -8903 -5486 4319 4698 1430 8718 3324 1933 -8261 -4200 -4090 9230 -1292 4684 -8026 3899 430 2958 9281 -4567 5054 -3726 669 -6161 3085 78 -2954 -836 -1802 -801 -6936 -8691 12 -7699 -8155 20 -9480 -9984 7570 5276 -3691 -8385 -1510 -8467 4612 9021 -7112 -4403 993 3001 9575 -1791 2938 6218 -7562 77 8689 9704 -1857 -147 -6364 4455 4500 -8583 5055 -4432 -547 342 5050 7105 -7148 1134 -5105 -3777 3715
-3171 7106 -3929 -9463 3359 3684 -5079 -3377 6500 5277 -7464 -7706 2747 -7849 8582 1483 9237 6684 108 1706 -2609 -2583 4703 9751 -6521 3687 8625 -5261 -1227 -1821 3961 -3742 -6378 6760 3643 3032 -3906 -8225 3049 -9353 4212 8424 -7564 3574 6548 3261 1960 5536 5115 -2768 3216 8570 7532 1735 -2810 806 7669 -1383 7680 2569 -3740 -2865 -7524 2886 1759 5226 -4920 -8095 -4629 210 126 -6551 -7466 2499 5293 5509 -4739 3288 -8901 -2963 1172 7427 -9398 -7870 5979 8198 9806 4601 -7534 8869 35 -417 -168 -1977 -1357 2187 479 8162 9928 -1371
8491 -4815 -4461 -3349 8008 -2213 1523 1851 4977 -3826 -399 9832 1898 -7224 9425 9833 3519 948 -9354 -485 -6794 2024 -9421 -7862 -6143 -2326 -8303 8562 8510 -943 -8067 8271 -4187 -3857 -6250 8992 7981 9330 7257 4915 -9409 -309 1195 -9620 1225 8426 360 -3516 -2578 5936 -8560 -6726 2370 2974 3165 -9278 -9132 2541 6208 1768 6547 -9399 -8772 5565 1147 7544 3777 8035 1785 -8598 1877 -2384 -372 -2075 7477 -530 471 -9360 3438 4906 -287 3055 4040 283 -8536 3570 -5358 1101 -9876 7049 -6593 -3053 -950 2547 9658 -6533 8984 3624 -4759 -8175
4884 6388 -9239 4649 -5543 9872 8188 -3165 5056 7017 -6303 -7042 -9604 4996 1371 -3106 5144 2016 -7333 -3954 2244 79 1491 -4826 -9184 9348 -7915 -4457 -7590 7389 -4340 504 4231 -5431 8603 6634 6281 1162 -1047 5707 -5446 -9246 -8616 -240 -3778 1908 -1448 -9704 9866 3394 8189 5898 -4158 3331 -5805 -4825 6690 2298 -6409 4170 5751 794 -4238 6280 4840 -7741 -181 4453 -346 -8479 -9634 -7405 4790 5893 5506 -4269 7743 3667 -8769 2822 -633 -300 3549 -4589 9252 6884 5807 6879 -6087 -8652 779 -7626 -8316 4420 2166 -5531 1036 -8330 -1215 -3992
-893 704 5902 4499 5171 1330 9464 2876 -8038 -2543 -5710 -5244 4231 6880 2230 1205 -895 -8545 4371 9839 -5408 -8982 -77 7752 -5567 -8529 -2945 1904 8853 -7948 -374 7745 4186 -7827 -636 -4052 3147 3654 -322 -7740 8632 29 -885 2508 -8933 65 -4488 312 9092 -9952 6436 -7424 -7960 5144 293 2906 2191 5304 -5173 -1340 9643 -9307 -2598 -3793 7457 -2109 9219 2963 958 1481 -2141 1707 -6858 -7127 -2987 -5639 2767 -7119 1899 1660 -2007 -3190 1606 -3583 7599 -285 -8579 4696 -9597 9569 -8524 8325 -9013 -5311 5261 -7123 4186 167 -1675 9338
-1463 -9483 7485 -7082 7257 5096 -2081 -1576 -5957 -133 -7424 -9554 -3263 1080 7086 -1591 -119 6823 -1532 -4547 7688 5687 3631 -8238 3948 6754 -9197 3021 -8825 -102 4780 -6403 8 -4461 6555 -8071 1151 3088 2444 -5176 6777 1288 -9246 -9988 3476 3065 -3327 -4989 9871 -828 -9676 -9937 8908 -8437 -9296 -8582 -3265 -7745 -9395 3347 249 -458 2455 -1273 -6397 8671 -7108 9504 7232 722 -922 8733 4962 -6116 -4558 -7154 -4688 -931 9010 -2814 -6617 -1311 -5014 6211 -2580 -921 290 4044 -6119 -6491 -9447 -7583 5276 -2675 8870 -6016 -4105 -1043 -9481 6265
7231 -1329 6633 2935 5339 6578 1119 8514 8807 -5892 4338 3432 -8173 -4386 657 -7873 -9967 2075 1162 -3820 9962 -5956 9404 2981 -5204 7299 -8456 3391 -6831 8254 1782 -3500 790 3899 -6585 -3707 6548 8540 6327 6869 -3927 -8267 5312 3063 -5410 6277 -7164 1575 9149 8295 -6597 -1071 1718 -4211 -751 2604 -7762 1962 8813 -8884 5572 961 3368 -7497 -1061 -225 -3595 8513 135 -5701 7686 -7896 5004 -3876 8418 6881 -2619 8531 4824 669 -9238 -7612 483 368 -5623 2198 4900 4806 -7453 1556 9630 -4633 1768 -8574 -8277 5641 -9179 -2007 -6944 1201
-4056 2173 -9295 5923 -9643 7564 1454 -5387 -9207 -9410 1351 9108 4561 2869 5576 4946 -1467 -3575 -2734 1761 1740 6300 9266 6592 6005 -6263 -5246 -6029 6425 -6382 4544 9403 9719 -8355 4391 2524 7561 1458 -2642 3359 503 2182 9118 6528 8211 -5385 -4606 7684 -5967 -5048 -6489 5060 217 -9265 9302 -6310 -4353 -2969 1122 -3546 -5794 -5837 1773 -6604 -6314 2015 780 1447 3969 483 -7562 -7813 3035 -4455 3629 2816 435 -6312 -7467 9355 -3559 5334 4849 -6382 6991 1595 -5882 3829 -3992 7269 -5387 -3001 2827 728 6592 7639 9414 -3350 8412 -9547
-3980 3437 8639 648 -8798 9610 9903 376 -6301 -727 9017 -8039 -822 1695 5649 -2043 3308 -229 2579 -8202 -593 -7217 -8126 2869 1846 -4808 548 -5745 -1337 -6440 -724 2349 -231 5484 -7281 -7347 -4562 5343 -5100 -9099 6183 -625 -9369 9185 -3712 2999 -7548 183 7334 9759 -8540 4167 3543 -1521 4504 -6291 8781 8039 7662 -5767 3199 -3829 -6098 -3503 -6231 5681 -1419 -3023 -3165 -2134 -9400 -943 -5047 9539 7978 8510 3956 2773 -5125 -1363 8044 -2916 4390 7360 4984 9968 4536 -7887 -9463 -2266 -9735 274 3109 -8354 6996 5888 -7040 4579 5865 -3257
-5641 2049 -6360 -2194 -7788 8977 4317 -7153 1549 -5050 9778 3953 -3343 -9074 -3556 -8598 -6370 -3454 -2558 -1201 9894 1603 5130 8642 -1320 3274 -6297 -7447 9146 -1948 1109 -7736 2483 -3149 -2244 9440 2954 2405 -5469 1756 -9936 5361 9247 -2838 1633 4636 -9566 -6869 -6452 4055 7415 6261 3648 1607 -5734 7415 -6452 2643 -3299 -298 2841 -1837 2635 -8580 -5417 -9532 7739 -4720 -9889 -2484 8684 2790 7672 -1203 -3143 -8381 3459 5212 5343 -2558 1419 1394 -2882 6656 -5391 -6227 2916 -7710 -9312 -6839 -2610 3673 -5075 -1180 -6379 -389 -7596 -4061 -2632 -3068
4174 1023 3332 -7644 -7702 -7354 3044 9024 2442 6444 -9758 -1775 8817 -4582 6322 -8591 7610 -4115 -1150 8782 -2011 1205 3154 7414 4633 -8792 6595 7003 -2941 6338 3681 -1454 -3549 1750 -6765 -9718 -9802 -1103 -1827 3652 2729 -4342 8551 -9281 -7120 -6810 -7530 -7827 2707 -246 -6521 5489 -4174 8454 -3922 6665 1093 -1447 -7632 -6901 5280 7711 7856 -3920 9944 -9867 2594 -9570 6490 9405 -7252 -5989 -6861 -6937 8603 -7331 -5263 -6365 5263 5841 -1821 7331 -7757 892 -5070 3020 7284 -4230 -5808 8939 -9780 -7965 42 -4574 1218 9934 1438 -278 107 -1485
4752 7590 4896 -5776 -6796 -6805 3668 7668 -7873 3778 2847 -2944 -8093 -8557 -4582 -3332 1227 6764 6318 -8886 -4493 -2380 -7979 -3360 -3071 2505 -2925 -7687 4075 5259 8171 -7536 2347 -6301 -2957 5850 -3866 1249 -8597 1890 -4068 137 -6293 3166 -9951 -2299 3182 -9553 8175 -7605 -3381 -7724 1237 -7566 -8064 -4293 1442 -6215 -9914 -672 7741 -8958 -1870 3061 -4546 -5956 3406 3573 -9520 -9885 3093 2422 -4930 -846 -8372 5295 -3764 2319 -8902 6022 -6632 7107 7407 1666 6764 -3709 -5540 9340 -3324 -8959 5354 -4906 -9328 7890 -7769 7697 8394 -4062 -4690 5805
3821 7927 2075 6618 -6052 3303 876 -7967 3206 -4996 -508 180 6279 -9714 -3852 -4980 6718 2714 2367 9930 9506 4965 -7377 -766 -4807 1873 -9874 -9838 6728 1463 9838 -9095 -1883 7314 -9517 -7554 -11 -407 2238 -342 1911 -1676 -7300 -6507 4995 -9070 -2841 -8348 7021 3737 2908 2093 9290 8815 7991 2189 -4899 -9877 7115 4754 -210 653 -7240 -5179 -3460 -7754 -2633 3880 7254 -222 1569 -6074 2794 4850 -3582 -7212 -9087 9817 -3924 7769 2119 7440 75 6299 9517 -3346 3641 -9190 -5487 -350 -4361 -3980 1393 8953 -9840 6667 1735 4717 6606 3100
5106 5590 5182 -8139 -1159 -8167 -5379 -1093 -8658 -5769 -8166 -5602 -5327 1387 -9414 5043 -10 -271 -3405 6460 5664 9752 6124 3374 8154 -8102 4904 4297 -9452 -2132 7801 8411 1407 -3727 -8802 -8821 -7849 2724 3009 3550 5383 211 -4195 2715 -9248 -4026 -3410 -6115 -9167 6245 -6191 6297 -5693 -3241 9349 2917 7479 7098 5789 8191 3078 6314 4763 8134 164 1515 -5640 -4072 6217 -3323 -6599 -8736 4218 6939 -1494 7697 -2258 -7102 9638 -4043 -379 -432 4402 9815 7085 2289 -4928 -3029 -31 -8673 -8269 -3578 -2876 4766 9648 -8290 -3706 3147 -9931 5971
9606 -4205 9059 7432 -9754 -6977 -3967 -1623 4975 9009 4630 9620 -8615 8955 4452 1515 -9036 4563 -5090 833 -8781 -2081 -3170 -7705 1169 -5373 1244 -2012 -9571 6530 8446 6696 5113 8547 8487 5685 3842 -6672 6906 7519 -4953 -2652 9330 -7097 1576 -7551 6834 -6247 -5397 -1574 -3387 -7142 5091 9358 3466 8908 5890 -6191 1037 4887 -4072 6903 -2110 -9593 5887 -3511 4707 -3056 7717 -1946 7428 9499 -4803 455 3327 6483 2637 -2649 -4637 5309 -1896 -8210 5895 -4333 6203 5268 -3078 -3580 741 -4551 4488 -3985 3909 6142 7920 5245 -7170 2351 -6220 7337
58 -8733 -5432 -8199 -6204 -6334 2580 2346 5217 -1610 8222 -3513 -6197 -5188 -2243 7546 6989 6886 6391 -8088 4252 490 -7051 6106 9504 -6647 7429 3898 2293 1234 -4119 5091 5006 6316 -325 -6223 -8970 -9733 354 9603 -265 -5252 6095 -6040 -676 6160 -7480 -6947 -1111 4480 -5462 5768 8617 -9220 -807 -4010 4760 -3237 4588 -3450 9044 7071 -9314 -3407 -7821 3111 1137 -99 -9682 -1078 2998 9088 -8348 -9750 -940 -5215 7222 6972 3880 -2749 5000 -9903 -3108 262 5644 -1177 5747 -6296 5747 -2018 2822 -1884 -8768 2501 2895 -6564 3377 -133 453 4990
-1952 -8127 3718 -5402 -7197 7314 5322 -4844 -7069 -3318 -6581 -9309 2574 1191 -4572 -5865 6092 -4520 5936 6847 7256 -8876 -8415 7896 1714 5409 -8984 1726 4209 -9367 331 -2172 344 3751 -1419 -9257 -169 7324 9030 -5751 -509 1211 -7320 8316 -7255 -7642 3544 -1550 -9796 2020 4488 6951 -2370 -3086 -7482 -2513 -9579 5909 4965 5710 2195 -2407 3689 2950 5420 4474 6360 9756 9115 -6533 6643 -9336 460 -7246 -736 9668 -2870 -2658 -4715 -910 -6664 7927 4882 5137 -4744 1944 -2114 -1957 -2546 -9970 5999 7689 -238 9857 6038 1524 -3803 1970 9960 -7578
-7946 -6342 7148 -9796 -4680 3422 7300 1052 9622 -801 -4896 -3224 5831 7614 7689 5036 6026 3084 4248 2352 8146 3450 2953 -9508 3766 -9233 -3909 -3323 5316 -434 -9919 3724 4391 434 6783 2253 7226 -2932 -2622 -2907 7194 -3016 -1871 4886 1397 -3518 1696 4292 -419 -3743 1739 -1518 9381 -7300 -6442 4182 1544 -4150 -4721 -3495 -9392 7064 104 -3402 -3978 -82 -6943 -9663 562 4795 7262 -7296 -2013 5222 -3906 4068 -9347 -8213 3587 -706 -4098 -8882 -4654 2241 -7717 -8924 3113 -8753 9006 -2913 5044 -6655 -2617 -5958 9194 5418 612 -4586 -8019 -1112
3396 6413 9044 9867 -8138 -2870 1529 -1852 -3573 9899 2423 -1484 -2119 5087 -6207 -4779 4679 -1346 -6382 -2856 -9714 9011 3965 373 5805 7590 -1784 -782 -1531 8297 -5154 -3841 2768 -3838 5542 -1619 9621 -7897 -5460 5605 4591 4056 -7030 -1024 511 8943 7132 -2567 3056 1322 3481 -9702 -1124 5941 4823 -3504 -6583 1556 3273 3927 -2651 4827 4409 9544 -4022 6808 7956 -7986 -6799 -9799 -4337 5041 -1458 -1413 -4476 5467 -4946 9935 1846 9829 8358 -5733 -798 -6939 -2273 390 -7224 -698 -918 1481 685 4631 -1297 6190 -5715 4554 -7812 -9778 2968 -6341
-1464 1291 -2826 -6597 7322 -8324 -1538 -2384 -9463 -1886 5187 -8231 7601 8277 -4147 -1501 -5925 8570 -9086 -6145 2811 -5365 1026 -8925 8170 -8389 6468 -1171 4375 3297 5560 -3931 -2275 -9476 7322 3472 -6858 -1531 2196 9852 -44 -9202 -5890 5186 -2128 9464 7038 3209 264 6511 5750 5471 -5338 5506 -8417 -8510 -8446 -8408 7827 -1332 4430 -871 -5528 -2384 6968 -4505 -2968 9716 7925 -6669 -7768 -9641 2717 5973 -1386 7329 -8548 -4297 -5966 3254 -4409 -822 4817 -1615 6369 8514 1731 274 -565 -6111 -7028 4285 2831 -6973 -6856 -792 -9498 6979 9226 1491
-1349 -4247 -4822 4647 3523 -8452 378 -7092 1768 2302 5316 -8069 -9703 4803 -654 -1034 9698 -3659 -449 4035 2464 -8257 2247 3459 -531 3706 -4851 513 8636 2684 6801 -3408 9656 3036 2740 1766 -7168 2330 3642 3130 -486 3116 -7095 6457 2699 -9061 -3953 -8934 -5 -2993 -8265 -3271 -4679 4647 -8563 -739 9569 5804 7227 -5643 5501 -7803 -6196 264 9018 8332 9923 947 3418 -9307 3202 2657 3098 -1251 8860 -7510 3887 -3047 -7284 -4875 8607 9379 6119 9979 2601 6841 5243 -2927 -3267 -6111 -3176 -1537 -8531 7366 6569 5654 -9566 5131 -6849 -1274
9780 -7261 447 -7431 -7164 3053 -7047 6401 -5425 -1052 -4007 -7811 4497 -7996 -5526 6224 -6313 8885 5350 2494 -8091 662 1571 -2025 -1013 -4655 -1619 141 -8804 -9028 4759 5703 -1866 -6641 9646 -6866 -4592 -3760 -5877 3907 3928 -5555 7384 3155 -732 4345 5878 -7962 8953 7372 6854 -91 -9057 2606 -2880 4967 4577 7453 9183 -3500 -2306 5496 -7986 -8322 4087 7842 -6535 -4766 6867 4871 -4128 -2320 -8596 636 -4839 -9335 406 -5098 -9258 3688 8136 9293 246 -8961 -9083 -6661 -3504 -1287 -7810 -8658 969 -3520 -9189 -2383 -6303 -999 2164 -6087 -6239 4607
7506 -193 2827 2535 -4652 -8452 7086 -5133 8141 -9676 -7130 5808 2514 -4215 -5679 4858 4058 -2066 488 -2535 4084 216 -9153 -7013 -5131 -196 7300 4584 -9178 -8225 -2562 9050 -6555 -2346 8042 6282 7672 7615 3029 -909 3636 3331 2146 -951 -4794 4169 -6219 -1699 -4573 1602 -4346 5275 4816 8610 -376 -5903 -7894 773 -279 -8894 -9364 9840 704 2097 493 -221 6864 276 7155 815 -2771 -5328 -1405 4393 -6934 -9660 -7814 4343 -825 -3899 8150 -6143 -7011 779 -1898 -4806 8806 8920 -3575 -6 7601 2912 -9013 -530 -1534 -8885 -8865 8105 633 -2758
9942 -3678 7468 8891 2598 -251 -3161 5736 -9107 -2708 2024 -2877 4258 -3684 -6634 5029 -9756 8215 -4383 2375 8401 -2394 6954 2440 -4727 6015 3680 3153 6483 10 -2197 -3442 -6113 -2252 -6265 20 -3625 1623 5665 -7930 3731 -1617 5511 5966 998 -4877 3589 4032 975 3782 -8320 1423 8920 9429 -958 6926 -5477 7493 -7340 3503 -2675 1883 -4108 -1416 9125 -9922 -413 -5955 5362 -9928 -1445 -7470 -7105 5089 6552 -131 8529 -1537 -8176 -6924 -6431 1878 1726 -8512 -3395 6021 -7930 2311 9330 4950 5479 -2226 1745 6527 -3438 -5111 8730 -2047 -9334 658
-265 1048 -6681 -9142 5067 -3199 -4546 6525 -7056 -4403 439 9873 8192 -9014 -4100 -2091 -161 9533 -895 9026 3561 7469 -4359 -7263 -7488 -2332 6672 -8408 -6793 -8004 3616 565 -3561 6571 5657 -7241 3605 -5849 7995 -4348 -8082 -8910 -4144 3515 -3373 9486 6845 -4873 619 5763 -3710 -8970 4198 1398 -2374 6108 8325 -4246 3013 7011 -5071 -8524 -2144 -1776 -2448 7204 -5921 8631 4098 -1972 -8006 3329 1310 -8831 7175 -5462 -8468 -3908 5582 9430 -3707 -5189 -2718 819 -8424 3844 -6789 1336 -5154 2581 7841 -5964 2658 3944 3104 9874 -6316 -9699 9332 8093
-6798 571 -2192 8619 -5536 -3719 6354 3913 -1666 6054 7471 -7376 -6393 1686 3596 -2139 -6979 -7534 5869 3126 -2736 -1060 -1523 8525 -1747 -9875 6029 526 -4608 -4732 -2086 -4531 6942 3480 9597 -2625 7379 -7748 7029 -9726 2960 6676 -7604 2098 5204 4183 -3246 -9236 7654 -6403 4793 -4918 405 8486 6001 1275 -1937 -8452 -5141 -964 4435 3214 -5506 -7983 4793 -58 -9679 6237 -2621 630 -7420 -602 9522 8833 2854 8394 5317 -5847 7340 -6810 4627 1664 -3965 343 1114 1089 2716 -6671 -1505 1429 -9928 -6991 5812 -3964 -1856 -1277 8739 6423 -7771 6069
6953 -8473 2792 5353 1637 -1940 6772 5644 -9419 3826 -5495 -265 7852 464 -2535 8176 -7786 4682 -230 9472 2991 4317 -5867 -6095 7901 9337 -260 -3568 -3718 -8125 -2079 1816 8670 4996 1017 3203 8890 9306 2707 4298 -4068 -3126 2468 413 4876 -594 -6929 5576 5001 -7672 7437 6154 -5910 -8982 2694 6043 -8155 2840 -1994 -7879 -4312 -9992 7220 -1341 -2730 -7991 -3683 4535 9877 -9943 -3517 -3460 -5291 3562 8344 -7983 -5940 -7249 -6779 -8122 -4315 6904 7517 9956 -1736 6533 -6147 269 6687 -987 9921 6050 -6981 -7277 -6399 4036 1803 -1970 -7553 -4531
1522 1697 -3057 -1684 -7816 -2828 5097 6138 4678 -795 6327 -4119 4266 1957 1451 -6821 -2642 9761 6623 -7949 4534 5223 4324 7527 7705 -5256 -1937 6840 -3353 -4292 -6482 -1944 2296 8825 9858 9842 -5115 -5137 353 -2686 -2346 -7807 189 396 -9752 -7153 -9697 -5615 6059 -2086 4445 9266 -8830 -937 3244 -1051 2379 780 -4425 6124 2472 1075 -8255 4404 -6664 8415 -7341 6391 2081 -9223 2794 -4956 -2922 -768 8174 2886 3732 -3465 8519 4742 4109 2586 3573 -7310 3667 3864 -8913 -9347 7613 1220 -4341 -2476 -3369 -4771 -2966 -6765 -1405 -9259 3057 -8060
3088 -2125 -7512 -2390 -5285 3079 -6451 4795 2685 -825 8424 4289 -4462 241 9952 3021 -7819 -5736 -3749 4492 -2553 8928 4081 -6875 2925 -7696 6342 -8567 552 2989 2561 -3089 345 -2278 2647 1499 7962 -342 6785 6011 -4553 9969 -8501 -4069 2493 1161 8483 -3704 9114 3570 3937 -8900 6391 -2328 275 -5270 -2037 -9053 9754 1789 9443 -6210 8062 -4718 -4641 8624 -8427 3356 -8244 -5402 -3243 -2054 -5827 -3946 77 -5001 6473 -4338 -2443 -978 3539 803 -4239 -8940 1388 8149 1335 -4523 -6187 7850 2257 -3670 -9887 8167 9599 6928 7925 6432 -2183 6571
-8321 1319 9629 2903 -1298 69 -7216 -9057 -1896 -3944 2016 -6746 -7615 5999 4525 -9776 3458 -3247 -2096 -2863 8018 3680 7793 7065 8548 -7811 -2216 9013 -6598 5395 -6027 -8565 -1468 6612 9967 1969 8212 5920 2798 -5698 4613 -9661 -8789 -6703 -428 8865 914 5496 -7039 -4812 -6028 1017 -6565 -2903 -470 -7692 -5735 -5562 -6709 -2634 8928 5522 538 6939 8389 -4003 -5009 -1387 984 6728 -5505 -2267 2365 7278 7548 -6870 1250 -9444 -6348 -2567 4904 -8271 -9884 3883 6154 6324 -5750 -752 8969 -8761 -2833 2251 -4060 -9447 -982 -9451 713 2669 -2545 7640
1822 -8820 -8207 -3649 5880 2593 -2847 2649 4306 -236 -242 5025 964 -5039 -5402 -3137 259 8947 4889 9827 4661 6902 -6317 9790 -9885 -8701 4884 3584 -218 -8742 2581 -86 -3637 2151 -5278 -9290 -4986 -5457 7800 6541 -3938 -3026 -2050 -7496 -4120 1337 4337 8122 -9126 5207 5741 2353 5757 2198 8945 2602 -5660 7787 -4831 4766 -5134 8250 -5321 4449 6968 -2735 167 -7218 -3812 -1530 -6009 -7384 3378 -6254 3418 -8452 3138 -5241 5513 -7453 3779 -3968 4423 -6937 -3648 9564 9555 7687 -2813 -8744 6315 9607 1654 -623 -2407 6675 983 -7971 -2590 -8652
-8198 9537 -3657 -983 306 9861 2646 1215 -5016 -5875 -441 6288 -7330 -7614 -7763 1378 1708 3008 9174 564 -4029 852 -9425 1772 -9236 1332 -7413 3682 1895 6561 2961 7092 1940 4217 -3519 8107 -885 6397 -2034 1804 -669 5013 -4534 5206 -3400 -2186 9261 -3633 -7250 8846 8317 8933 3367 376 9420 -7643 -5034 839 -87 -7158 -6703 -4876 -9515 1879 -6005 -5049 -1381 8604 2039 -3810 4091 -6865 7975 -3600 9118 8745 -6290 -4613 2392 -5847 1508 1259 -3622 9840 -868 -632 -9504 10 2849 -2390 -5574 9456 4858 -3350 8473 2155 -7135 -31 9874 -2123
-7615 -6063 5025 8543 -8088 6655 4240 -6087 -8959 9590 -8641 -373 -505 -5288 6010 2306 -1553 6026 -3554 131 -1896 3487 -5895 2483 -2443 9876 -586 -5640 -779 9026 8758 6771 7332 4548 815 1956 7599 -4076 -9436 8895 2472 1908 2614 8668 -3531 -8678 -772 3237 -2354 -9808 9393 -3807 942 -1966 -3765 -1611 3979 -2937 1695 -1124 -8885 5052 -8026 5918 -3229 4952 5033 4224 -4818 9375 654 -8993 9073 -9636 6568 7710 -8627 -9298 9457 6357 -9523 -5451 9192 80 -7314 5825 -6772 3800 -506 -3884 -2138 8293 5511 -6479 -3399 -7598 7318 9353 -4011 2259
-1092 1551 -2418 -6431 5293 -6489 -7171 4594 1298 7808 -9521 8405 -1531 8907 -5804 -2658 -7442 1303 4189 -6528 -9112 2982 -7912 793 5804 -1226 -9419 -5345 1544 8666 597 -6243 6837 9760 2312 -1709 -8595 8708 -8216 -3890 -2829 3144 -3631 981 -155 -4178 1492 4681 6263 -575 7660 5936 -1139 -9175 9553 9986 2099 -2204 -8854 -3800 -5621 9297 9964 2728 1009 -5897 -938 9208 -2153 -3077 8644 2995 -3314 787 2472 6105 1502 -3011 -1191 7148 7686 6537 -2362 2642 4954 9184 -9187 -5215 211 7664 -955 -4839 -9879 6979 3648 -8217 3894 -2104 -1689 -2686
2767 -4167 7729 5416 -8115 -3079 -37 4446 -2113 6893 720 7910 -7992 -3314 3733 176 -6775 -7789 -2111 -4666 3836 2522 5136 814 1902 976 7700 5417 -8599 -4590 -4814 -6299 -2481 -4054 -1954 1267 4204 2422 -9107 -1098 -2371 -5161 197 -8289 -146 -418 4895 -9424 5967 -6868 5102 -2735 5824 -6987 -6760 4808 5190 -7075 -5111 9563 5460 3985 -4957 4918 7566 9175 -5626 2044 -1438 -3958 493 2014 -2553 -7613 -947 -5395 -6662 -9193 -2496 6685 6752 591 5101 5872 5816 8456 -959 -4527 -2672 -612 -7333 7058 175 -1018 2005 2792 8449 5560 -3311 8778
216 -4148 -3271 7200 2797 2319 -91 9985 -8691 -4202 5586 -8934 4684 9028 205 -7552 9290 -3144 6372 -1722 1456 -285 2289 -2482 -3413 -8223 8462 -9956 8554 3422 -1874 -4495 6874 220 -1623 119 2776 -3490 527 7935 -5280 1178 8656 -1098 8744 6572 5466 9133 -6116 -21 9388 5951 -5331 7390 582 -4897 -7107 -3030 5943 9 5075 8505 -6692 -8463 9243 9098 5766 -7788 -6293 -8599 -6733 1645 2433 9689 6445 300 6519 -7516 -290 2821 -2835 6275 640 -8606 -492 -4886 3338 2644 6941 -3613 6681 7873 -3616 130 -1922 -2057 -1500 -2785 7843 5272
5511 4608 -987 -1787 1967 1847 -5743 -9051 -5850 4064 -7669 266 7451 -3900 -1929 -7472 9687 -6265 9154 -803 -4755 -547 -4025 -2743 -5894 -9249 7898 6254 5018 5633 5130 8818 -2763 3394 -8230 -2756 2692 -1226 -6243 3051 4555 1331 -1047 -7743 -5280 136 2000 6346 -2434 1408 101 2670 -2666 9508 -6826 -5931 4078 -8962 111 918 3272 -2027 -5078 7641 -4396 3567 -8434 4936 -7438 7014 -6002 -101 -3659 -8363 9167 9219 4422 4938 6528 8689 -917 -9195 -8964 -7891 -9065 -6779 2848 -8633 968 -2884 947 -2802 4897 -1310 -6364 4413 -6760 -1776 -4304 -3372
7238 -97 -2191 9963 7501 -3540 6453 -7837 -9030 8551 3518 7202 -1534 8833 -7803 -1810 -7961 -7253 -8940 -5719 6333 -9657 -8712 -6453 -8449 -3107 7364 5053 -8500 5900 -4518 -3327 5115 9892 5341 9396 275 -4053 -7622 -1444 -9012 -9380 8418 -8392 -6862 -4714 3799 -53 2253 8333 8474 -5639 -1877 -2702 3023 2879 114 726 5042 -1939 4422 -3950 2694 4103 -4333 -1446 5857 250 -2056 -5745 1877 3458 9267 6835 -8605 -1171 9453 -6092 1318 2992 8085 -5770 -1585 -4507 5423 -5150 5515 5948 -1615 24 62 -3008 931 -2389 2205 6699 -8752 -7923 -5665 3997
-172 -7791 -7659 3747 -8158 5762 5643 8404 -4416 -7618 -2981 -284 -7718 -5861 -6196 -138 4732 7260 9866 -6045 1623 6477 4921 -3906 -4288 8771 -6793 -2382 8383 5037 3149 -9796 7579 -1707 -6685 4417 -9032 -8366 8622 -4501 9823 2259 9118 -6136 7950 -2556 -6303 5814 689 -5197 5800 -2290 -6336 -2829 2905 9305 -3669 -9421 958 -3231 824 -3012 -9176 -3287 8924 2408 -6669 -3628 -8181 -3059 -6424 3217 -9158 -1687 7849 -9250 -436 8103 3248 7939 -39 -4411 9036 -4172 -1392 -7000 -3903 6022 417 -1254 -6481 -9331 9734 5343 2206 5959 5811 7974 -6866 2362
-9472 -1293 4921 6293 -593 6148 1542 3910 -6597 9880 -6527 -2311 -9998 791 2524 -7466 -6046 -7573 -9168 4943 9286 8201 6624 9914 4613 2867 -475 -5652 -9489 178 6361 -2546 -1067 -1629 4979 8361 -7188 9996 -9944 4798 -1570 1919 6751 190 -7032 932 7860 -1784 -1888 62 -603 -7246 7002 6848 2329 -728 -4921 2202 -3488 -4555 -5862 6098 -441 3344 6178 -3261 1338 1637 8039 6467 -3727 1787 7969 -2144 -270 -8151 -7815 -8973 5128 4070 5562 1699 -5401 -8087 -879 9820 -5868 855 -5969 6556 -7456 -7531 -4024 2378 -3902 7860 -6132 -8327 4723 6708
1361 3412 -9127 9741 -4434 -7241 7205 277 3406 -8666 1816 7669 4310 153 -2937 -7535 -6700 3252 -7300 -1948 -2779 6211 -8362 8272 -7308 -581 5404 -6799 2384 344 2286 3000 8960 -8136 -5637 -707 6839 8308 6836 7165 2879 6393 8361 -2951 -6113 -9558 -417 909 -4834 5967 1645 418 -148 -9777 -8622 9414 -4115 1668 855 -1361 4 -7976 -5999 -5045 -9423 2815 -4208 -4978 -9147 4009 -2208 8124 8017 -2918 -8118 4086 -5682 53 -1436 -1346 -196 6505 9761 1862 -9067 -1450 855 2725 6910 6494 -3122 9480 -9950 -158 4141 -8739 9994 -4258 2025 -4192
7704 9240 -5163 -296 7532 9657 -6856 3529 -5696 -1919 6381 5662 5500 1197 -3031 2215 -2258 -6071 -9385 3276 -6278 -2812 -8741 -1979 4168 6274 9213 324 1685 -2655 334 4225 2040 4624 4703 -859 4372 -5293 9963 3119 -776 8350 5568 9665 -4785 7764 -4671 575 716 -5437 -7476 -5321 -9452 -3118 891 3382 -6966 3709 8735 372 -2476 182 -894 -9820 -9231 -2394 -9845 357 -7493 -4121 -9949 5938 5838 2043 4882 -7295 797 8770 850 -4214 1340 -9502 -8488 9519 376 -8244 -515 6601 4898 3644 -5724 1332 -7734 -6437 9768 4623 -5358 9914 -4425 -1031
7423 -5373 855 9824 1097 -2225 1878 7554 9106 -7679 8567 7019 9327 -3583 1756 4905 -4834 5389 -2027 -9284 2461 3466 8704 1042 -9605 1554 988 -5161 -907 3988 -1011 5056 5871 -9599 -5007 -6621 472 7498 -50 3334 -5596 -6353 -4427 -3748 -7997 -3851 -1594 -7587 -1818 -852 -2367 -9867 3892 1760 1630 -8193 -2993 4502 -3522 -3832 -4382 -5503 -3767 5059 -6043 -6307 -5959 -1913 -8517 732 1571 1770 -3532 8201 4836 -517 -5774 5380 5975 -9943 9222 9792 2700 6431 209 -8234 429 -9551 -1354 2786 -3403 8481 582 8357 -4165 -7972 -4367 9780 -6684 9308
-2167 -4505 6435 -5904 -4037 -3416 5726 -8571 9242 9732 1186 1808 -662 -7344 -5917 6233 9972 -5394 4397 2117 6401 -5542 5624 -9385 -5807 -6641 1543 9306 5935 9187 -1288 -6063 3646 -2675 -4694 -4339 -5208 -6695 -4679 902 -548 3727 671 3297 3306 5916 8999 5682 7223 2009 -1582 -5452 -7281 -7986 -1232 -3254 5542 -7132 7980 -4696 -9484 -3462 -4545 32 -524 -8774 -5365 -9174 8123 -701 -7121 4244 7487 4712 -7369 4093 9239 -4852 -7538 -5173 -7044 -2463 9453 -8118 -5208 -6224 -8250 3558 1144 787 -1609 -2109 4055 -4083 8318 -2904 2885 -6479 -9192 7600
-3385 -2891 7568 8609 1672 -4862 7382 3136 -3980 -9870 -1433 -9360 8962 8906 3526 6445 -6735 -261 -8604 2217 -7369 8041 -3436 -6917 9865 -6180 8208 6088 -1131 6140 1393 -9668 1109 2491 6454 -1325 -1540 -7588 8927 2000 -2190 -4782 -3977 -740 -6119 5054 9102 -525 638 -2047 -2333 1753 9676 -8679 5022 5810 4720 -8371 -3708 -2329 -7709 5576 3128 1416 8951 3228 -3895 -7744 -5625 4993 7482 8978 -5044 -1675 -1435 4492 -6810 -7449 -515 2250 -5294 -9836 1159 -1116 -3935 146 -1709 5371 -2387 224 5851 -2134 6228 -6341 4890 -7121 9618 -1986 -9916 -5735
-8451 -7695 -954 9981 1453 -180 -3539 2400 607 1861 -79 7700 -4836 -641 -9033 -2823 298 7336 -1465 6377 6737 -3759 4673 -3383 8226 -1765 699 9271 3072 -1584 -3003 -3288 -4368 -8202 -7627 1989 4404 -3648 -675 3289 4537 -6406 8974 7059 -9917 2362 -7063 9383 7374 -7160 6354 -2588 -2353 7994 7745 3979 5852 8733 -6440 -6306 -3550 -8355 2476 -1219 -6940 1501 5968 -2513 -1755 1929 -6790 -8874 1000 -383 8331 7109 2546 3332 -1164 -1722 -9762 1024 -8849 8898 -7026 2414 -44 8957 -4473 -6561 -6885 -6180 1564 5296 1862 6714 -4491 196 -6060 9076
-603 1290 -3075 4800 1162 7303 3574 3141 1062 6699 2248 2640 6735 9075 -5653 -1781 2876 -3357 -6941 -7306 -5886 -7897 4614 -1071 -8012 6330 2082 -2396 5991 -1419 -850 9047 -4746 9747 -8034 -4800 -8782 -3292 -5162 9576 -3313 3300 -5810 7023 -6375 4193 -5268 9433 4425 -3634 -80 9277 -8126 9755 -1512 -3000 -4390 3304 -2886 -1184 8749 2628 558 -9591 -7144 -619 1684 7248 -4028 8206 -2746 9464 2199 -9084 6791 -1627 -8270 -9272 -8969 5288 5509 4639 1429 6529 -1790 2995 -8139 4067 4734 239 -7027 5758 4252 -2058 8027 -3928 -4840 7055 -5854 -1701
-4452 1059 3903 -6998 7304 4818 -1350 -2750 -3981 -5459 5623 -6184 4288 9442 4457 -9975 -1540 5724 9241 8814 5896 1900 2374 9983 5358 -3372 4339 -5197 55 3053 -8601 -3423 -7894 7844 4493 -1798 2108 8517 -3996 -977 -9204 -5791 -4845 6908 6691 7477 1556 -744 5611 -4027 -1616 -7339 2771 9412 -8977 -8207 -9035 3956 1942 124 7151 -3172 7175 -7785 3439 -4857 171 1920 -7704 9136 -9697 -9408 7027 -1978 -2399 -3194 -2852 1037 -3487 581 -8110 -9425 -8350 3264 -7212 -8375 1722 4790 -6552 -4777 -6754 -9392 8528 -306 5516 -2259 6492 3134 5599 -5502
865 -1717 -5348 8094 2631 -7963 -1924 -1469 8735 6284 5851 -9193 -2230 1358 -9375 -8591 3259 -9713 -7818 -3058 -1584 1373 -6679 1032 -673 -7766 9314 1955 -7051 6500 6614 2381 -9439 -7164 -8348 4987 3044 -6711 -8801 -21 1500 -490 -9631 641 -8477 4171 3547 -4150 -2928 -7476 -5381 -2401 -4845 8537 -2816 104 -2877 486 -9517 -6438 7219 1189 7155 9371 -3316 1043 6971 -7380 7578 -6484 231 -6422 5465 -5095 4992 -7096 -8670 8921 -2000 -4840 2886 2529 -9939 -7338 9058 4523 -4844 4034 7676 6111 -3120 7547 -3909 -7668 -5877 -1916 8210 -4763 6784 -2735
1464 7833 -1083 2930 -3585 6847 -557 -3359 3138 -6932 626 263 1884 -4191 -1734 7643 7014 9879 -1082 -5977 2455 9779 -1329 7817 4908 5612 -4019 -1368 245 -906 -4629 8319 -8639 -5062 -6624 -9737 840 -9527 8643 -9419 7934 -5368 9276 -3098 -7425 -9432 7244 -9536 -2936 -4023 3957 -5782 4741 -8733 6557 -7747 -5651 -6224 -6809 -6265 6795 -4934 318 9908 -6237 776 -6434 5908 -5688 -5257 -235 4794 2689 -5084 -8513 -2626 -7138 1526 -5589 -9447 6147 7200 6601 -9455 -8942 6536 4630 -3239 -8128 -537 128 1727 -8444 -9552 -9496 4166 3882 -8196 8076 -5916
2746 3579 1885 5435 -2643 5102 7781 -8591 -9799 8661 1745 -6322 -2802 1726 5237 7413 -1996 1070 9111 -2714 3115 -7086 -7348 4003 -9777 2557 9354 -1823 6072 -2340 -8685 9021 -5847 3792 4286 -322 -4564 -1687 2062 6523 9466 -9486 482 -4039 -9969 7324 4530 -6065 8962 9050 7009 3017 -9346 5626 3861 3565 -2221 971 818 9796 9332 7903 -1769 -5883 4670 -8429 6941 9963 9768 1882 2662 -4001 6342 2931 135 8849 6127 -9519 1926 8023 -5223 4910 -7159 3259 6236 7924 3128 8708 7039 -9838 3353 2549 -6968 3586 -4358 -5129 7149 -8846 6796 -6743
-8359 2922 -2379 87 -2507 -165 -2160 9983 1749 3984 8814 2905 -9211 -1379 -6812 4793 5703 -9614 7468 9339 -4592 -4427 3940 -7396 3567 6170 7948 1118 -2448 5267 -7603 9975 8269 -8181 -9124 -380 4176 8348 -5046 9330 -6557 -7618 -504 -6385 5009 -4837 -395 -726 756 6826 -3196 -7232 -42 -1411 -5415 -7820 5215 -1996 6683 -1659 -3639 -6645 -7651 3074 5228 -1688 -111 9662 -3264 -8277 -8996 4327 -9728 1925 -9136 5932 -5210 6225 5261 6931 9769 -7433 8194 -9347 -6153 -4135 3612 -3246 -2745 8731 -992 -7381 -179 -6903 -9706 -9990 4084 7453 -7533 1924
-9257 7155 2475 -9430 3089 1707 335 2415 -9419 -5766 7572 3311 -2709 -6193 -2229 -1811 -1375 -116 9669 -3496 -4334 8178 -5890 -218 2024 -9432 -4731 -7955 -4974 5149 4085 -9071 -9270 -8545 -8155 6389 -5435 1575 -7705 149 8522 -3752 -2149 -388 2330 9198 -2113 -9652 -1589 -8647 1977 7306 3562 1645 -7203 8540 1122 5676 -3187 -5503 -7338 -4346 -7343 3844 8195 9107 7968 -6768 3968 -3553 -8611 -9205 -3740 -5335 6414 -6082 2966 1658 -6149 -2064 2986 6223 9740 -2741 5659 -6069 -8685 7294 -2442 -5835 2151 -1527 -3373 2671 8324 -4167 1461 9829 -2771 3422
253 -6086 5777 -4245 -1601 -2460 9470 -7090 8188 -1320 6129 3247 518 6681 8122 -717 -8618 -5811 83 -7618 -2992 -6791 8713 6668 -9359 -8830 260 -7706 7285 4199 2660 3827 8413 1041 584 -535 -1936 -4481 -2793 638 3733 -2097 240 7833 -859 8867 -1410 -6711 3500 -310 7245 791 -6389 -3513 -1587 -2180 -5776 222 3981 6103 771 6859 -7801 3828 -6544 -8842 8675 2991 3626 4083 6515 2284 2849 4255 8423 2938 2276 9247 -5722 -2662 5506 4162 -1802 4215 -9353 -7649 -7294 5115 -8727 -4230 3251 -1478 -7093 -1446 1518 2706 -3410 -3892 2352 -6571
3536 -7580 4580 -6409 7427 6007 2694 -8506 3468 4508 -3172 -300 190 -8838 5484 3724 7780 976 3680 -7243 -1163 -4970 -2143 -5974 6347 8981 9121 -6218 7945 -4628 5713 -3813 6101 7599 -5152 5048 -4817 5067 -6403 4830 6430 -6270 -389 -8344 -532 5748 8328 5570 558 5352 -2291 5102 8537 4739 -8912 -5690 1423 5109 4446 861 -7730 -3167 -1662 -2415 1670 7185 -6507 -7931 749 6019 -9063 -3339 741 8465 -9822 6084 5638 -7690 1062 4037 1149 2320 9226 -4463 -8760 9693 1066 5093 5394 5247 -3250 -4974 -8743 -2091 1701 -8651 -7850 -8693 8138 6103
1893 -9231 5576 9155 1786 3963 5627 -3963 3122 -9256 7355 4115 -7367 720 1970 -9146 7435 7080 -6592 -1778 4381 1477 -8204 -3110 -1083 8405 -478 3981 757 -4662 6954 -8624 5628 -8005 2827 -9896 6646 -4377 -38 -1558 -7138 -9678 -8299 -6668 4953 898 5404 5491 -7765 9067 -1201 964 -8314 2151 -15 3046 -9479 -2756 2186 -8543 -1678 918 -2242 4086 3109 -9752 8156 -108 9278 7776 6822 6538 -6839 -1300 -3437 -4662 6294 1582 1114 -3876 -2045 6370 744 -778 -4320 7877 -9796 7780 -203 7610 -8472 1708 -6400 -7460 9428 -9357 -9532 -7343 601 397
-7438 558 -9478 8967 9571 -6196 -9053 -1696 -9485 -8178 -9523 8234 -3845 2566 -7781 -1638 -9118 1543 2111 -6551 -7736 6390 -9983 8044 718 1615 -5943 -904 5897 -8626 -3136 -7520 1827 -2356 2702 -7158 -4687 -1207 7999 5922 8459 -3298 831 -7270 7658 -3380 -8699 6326 -7113 -9656 2414 7870 5485 -7216 -2179 100 989 -2440 5393 5797 9369 -6238 2468 5670 6516 8296 4761 9345 1702 3790 -7257 -5779 1332 -7980 1582 -2419 4947 7119 2561 5637 5803 4838 -7290 5278 -2700 -3101 -1344 1682 221 -2953 3863 6541 8833 -740 -1306 3549 959 -5172 -556 8367
-7301 -3714 -3165 -3809 3441 1261 -8915 -6173 7126 -4157 -2371 -5365 -3575 -8192 8622 -9335 -9482 -699 -7786 -3320 -8895 9334 8546 9202 3161 -9799 -9900 -7508 -89 -8242 1783 -3443 2683 3351 8744 -1797 -5162 -6784 -6977 -7602 -8222 2432 -4451 -3832 9698 3474 -9160 -7430 2269 -934 -458 -6067 5228 -5827 7740 -4018 -5084 -3211 -1246 -7123 -7593 -9379 -2553 -7858 9116 -1389 4911 4819 7963 -1773 8555 8806 9486 -6472 5227 -4333 -8853 2285 -2668 -5882 5139 1606 -6498 -804 9950 4296 -2230 -129 1718 -5207 -9877 -4430 -4086 -2555 -4446 -9908 998 -1847 5300 3664
4050 -4858 6541 1019 1302 -6108 -7239 9383 6727 1060 -3325 1299 -9905 9209 3797 -727 -5363 -9542 -8832 2255 4896 7026 -5983 -3278 -7836 9912 187 938 6502 -8696 -4687 8041 5327 -3929 3664 -1414 -344 8042 7494 4882 6525 -3045 -4666 5426 3190 7214 -6481 7364 -7039 -5182 4395 -3242 8437 -4848 5973 -334 -4500 1145 6176 6703 -7596 -8052 -8056 -6641 4737 -9526 747 8477 -5273 -804 -2036 1922 8383 1341 7295 -6436 9145 -63 -8893 9651 4651 -1774 5480 -840 2978 -1928 2103 1756 699 298 -8189 7834 5605 1684 5481 -3233 -516 2719 -4763 8052
-2511 -3301 -6868 -822 1497 3101 2701 -1374 -2008 -2341 5977 -7313 6013 -4949 4198 6709 -3254 8476 7848 -9191 3023 4412 -1539 -114 1047 1772 -3671 7801 -4883 -1561 7182 -2605 -9350 -853 -5050 -7383 -5755 -8533 7004 9050 4972 5322 5561 -2674 6734 6383 5607 5725 3244 814 6950 2568 605 1446 -2561 -2093 8738 -3943 4745 -4225 59 1308 -3972 8542 -8873 2550 -2598 9559 -2429 2972 2587 5541 2337 -6258 9504 -8636 5081 -1106 7140 1947 9511 4249 6850 8258 8717 2503 -4190 -5533 -7972 -8077 -7586 6424 -3917 -8155 3407 -3557 -3520 3452 -2569 2386
-1772 -7672 4171 -5119 -8961 -5819 1216 4336 -4231 1586 9905 -9014 -7767 9970 4856 -3143 -8774 -9460 7397 7130 7216 5578 -9387 62 7264 -1446 7438 -7603 7218 6370 -5236 -901 -7656 -2724 9403 -9317 -1235 -3266 -6258 5753 -3877 44 2650 -9562 -9022 -8784 -9536 -6542 891 4215 5534 -8028 -7480 9316 9319 2107 -9488 -1036 6278 6393 4704 -3300 -6662 -2845 3659 556 4712 -6698 8730 -3981 -4901 -6427 2738 6280 2321 7262 728 -1255 1722 -3299 -5481 8810 -8233 -5482 6398 -2322 -5962 5617 -847 6382 -119 561 1174 8817 7772 2784 -9820 -3895 5224 8313
